VC:cf32204 BD:May 26 2016 SN:US4300161200001274
                     Time,      [CH4]_ppm,   [CH4]_ppm_sd,      [H2O]_ppm,   [H2O]_ppm_sd,      [CO2]_ppm,   [CO2]_ppm_sd,     [CH4]d_ppm,  [CH4]d_ppm_sd,     [CO2]d_ppm,  [CO2]d_ppm_sd,      GasP_torr,   GasP_torr_sd,         GasT_C,      GasT_C_sd,         AmbT_C,      AmbT_C_sd,         RD0_us,      RD0_us_sd,         RD1_us,      RD1_us_sd,       Fit_Flag,      MIU_VALVE,       MIU_DESC
  10/12/2019 12:24:12.366,   1.731189e+00,   0.000000e+00,   2.184952e+04,   0.000000e+00,   4.028498e+02,   0.000000e+00,   1.769859e+00,   0.000000e+00,   4.118485e+02,   0.000000e+00,   1.403463e+02,   0.000000e+00,   4.246528e+01,   0.000000e+00,   4.510779e+01,   0.000000e+00,   8.451890e+00,   0.000000e+00,   1.082301e+01,   0.000000e+00,              3,              0,       1 meters
  10/12/2019 12:24:12.636,   1.730261e+00,   0.000000e+00,   2.181217e+04,   0.000000e+00,   4.020831e+02,   0.000000e+00,   1.768843e+00,   0.000000e+00,   4.110490e+02,   0.000000e+00,   1.403640e+02,   0.000000e+00,   4.246987e+01,   0.000000e+00,   4.510506e+01,   0.000000e+00,   8.453366e+00,   0.000000e+00,   1.081881e+01,   0.000000e+00,              3,              0,       1 meters
  10/12/2019 12:24:13.612,   1.730902e+00,   0.000000e+00,   2.178412e+04,   0.000000e+00,   4.012578e+02,   0.000000e+00,   1.769448e+00,   0.000000e+00,   4.101935e+02,   0.000000e+00,   1.403693e+02,   0.000000e+00,   4.246626e+01,   0.000000e+00,   4.510285e+01,   0.000000e+00,   8.450610e+00,   0.000000e+00,   1.082617e+01,   0.000000e+00,              3,              0,       1 meters
  10/12/2019 12:24:14.589,   1.727441e+00,   0.000000e+00,   2.174096e+04,   0.000000e+00,   4.006895e+02,   0.000000e+00,   1.765832e+00,   0.000000e+00,   4.095945e+02,   0.000000e+00,   1.403950e+02,   0.000000e+00,   4.246706e+01,   0.000000e+00,   4.510294e+01,   0.000000e+00,   8.452197e+00,   0.000000e+00,   1.082133e+01,   0.000000e+00,              3,              0,       1 meters
  10/12/2019 12:24:15.567,   1.729182e+00,   0.000000e+00,   2.172181e+04,   0.000000e+00,   4.004078e+02,   0.000000e+00,   1.767577e+00,   0.000000e+00,   4.092985e+02,   0.000000e+00,   1.402913e+02,   0.000000e+00,   4.246822e+01,   0.000000e+00,   4.510574e+01,   0.000000e+00,   8.453561e+00,   0.000000e+00,   1.082451e+01,   0.000000e+00,              3,              0,       1 meters
  10/12/2019 12:24:16.542,   1.728678e+00,   0.000000e+00,   2.175556e+04,   0.000000e+00,   4.003356e+02,   0.000000e+00,   1.767123e+00,   0.000000e+00,   4.092388e+02,   0.000000e+00,   1.403669e+02,   0.000000e+00,   4.246784e+01,   0.000000e+00,   4.509950e+01,   0.000000e+00,   8.453195e+00,   0.000000e+00,   1.082633e+01,   0.000000e+00,              3,              0,       1 meters
  10/12/2019 12:24:17.519,   1.728937e+00,   0.000000e+00,   2.171280e+04,   0.000000e+00,   4.001955e+02,   0.000000e+00,   1.767311e+00,   0.000000e+00,   4.090777e+02,   0.000000e+00,   1.403952e+02,   0.000000e+00,   4.246834e+01,   0.000000e+00,   4.509750e+01,   0.000000e+00,   8.455260e+00,   0.000000e+00,   1.082409e+01,   0.000000e+00,              3,              0,       1 meters
  10/12/2019 12:24:18.497,   1.730139e+00,   0.000000e+00,   2.174913e+04,   0.000000e+00,   3.997251e+02,   0.000000e+00,   1.768605e+00,   0.000000e+00,   4.086120e+02,   0.000000e+00,   1.402994e+02,   0.000000e+00,   4.246960e+01,   0.000000e+00,   4.509585e+01,   0.000000e+00,   8.452615e+00,   0.000000e+00,   1.082752e+01,   0.000000e+00,              3,              0,       1 meters
  10/12/2019 12:24:19.474,   1.729433e+00,   0.000000e+00,   2.171006e+04,   0.000000e+00,   3.992917e+02,   0.000000e+00,   1.767812e+00,   0.000000e+00,   4.081527e+02,   0.000000e+00,   1.403682e+02,   0.000000e+00,   4.246889e+01,   0.000000e+00,   4.509024e+01,   0.000000e+00,   8.454581e+00,   0.000000e+00,   1.082744e+01,   0.000000e+00,              3,              0,       1 meters
  10/12/2019 12:24:20.450,   1.729914e+00,   0.000000e+00,   2.170994e+04,   0.000000e+00,   3.989671e+02,   0.000000e+00,   1.768303e+00,   0.000000e+00,   4.078209e+02,   0.000000e+00,   1.403934e+02,   0.000000e+00,   4.246929e+01,   0.000000e+00,   4.508304e+01,   0.000000e+00,   8.453290e+00,   0.000000e+00,   1.082738e+01,   0.000000e+00,              3,              0,       1 meters
  10/12/2019 12:24:21.427,   1.730754e+00,   0.000000e+00,   2.166626e+04,   0.000000e+00,   3.989776e+02,   0.000000e+00,   1.769084e+00,   0.000000e+00,   4.078134e+02,   0.000000e+00,   1.403113e+02,   0.000000e+00,   4.247020e+01,   0.000000e+00,   4.508366e+01,   0.000000e+00,   8.452129e+00,   0.000000e+00,   1.082640e+01,   0.000000e+00,              3,              0,       1 meters
  10/12/2019 12:24:23.239,   1.729893e+00,   0.000000e+00,   2.167497e+04,   0.000000e+00,   3.986849e+02,   0.000000e+00,   1.768219e+00,   0.000000e+00,   4.075178e+02,   0.000000e+00,   1.403649e+02,   0.000000e+00,   4.246972e+01,   0.000000e+00,   4.508637e+01,   0.000000e+00,   8.450983e+00,   0.000000e+00,   1.082153e+01,   0.000000e+00,              3,              0,       1 meters
  10/12/2019 12:24:23.419,   1.727252e+00,   0.000000e+00,   2.166073e+04,   0.000000e+00,   3.981669e+02,   0.000000e+00,   1.765494e+00,   0.000000e+00,   4.069824e+02,   0.000000e+00,   1.406521e+02,   0.000000e+00,   4.246823e+01,   0.000000e+00,   4.508093e+01,   0.000000e+00,   8.453324e+00,   0.000000e+00,   1.082270e+01,   0.000000e+00,              3,              0,       1 meters
  10/12/2019 12:24:24.363,   1.730791e+00,   0.000000e+00,   2.162788e+04,   0.000000e+00,   3.986690e+02,   0.000000e+00,   1.769051e+00,   0.000000e+00,   4.074820e+02,   0.000000e+00,   1.403365e+02,   0.000000e+00,   4.247123e+01,   0.000000e+00,   4.508835e+01,   0.000000e+00,   8.452885e+00,   0.000000e+00,   1.082463e+01,   0.000000e+00,              3,              0,       1 meters
  10/12/2019 12:24:25.341,   1.730142e+00,   0.000000e+00,   2.166016e+04,   0.000000e+00,   3.981453e+02,   0.000000e+00,   1.768447e+00,   0.000000e+00,   4.069601e+02,   0.000000e+00,   1.403299e+02,   0.000000e+00,   4.247059e+01,   0.000000e+00,   4.508661e+01,   0.000000e+00,   8.454839e+00,   0.000000e+00,   1.082279e+01,   0.000000e+00,              3,              0,       1 meters
  10/12/2019 12:24:26.319,   1.729824e+00,   0.000000e+00,   2.167295e+04,   0.000000e+00,   3.979699e+02,   0.000000e+00,   1.768145e+00,   0.000000e+00,   4.067862e+02,   0.000000e+00,   1.403957e+02,   0.000000e+00,   4.247123e+01,   0.000000e+00,   4.508490e+01,   0.000000e+00,   8.450804e+00,   0.000000e+00,   1.082462e+01,   0.000000e+00,              3,              0,       1 meters
  10/12/2019 12:24:27.296,   1.729520e+00,   0.000000e+00,   2.160505e+04,   0.000000e+00,   3.979688e+02,   0.000000e+00,   1.767712e+00,   0.000000e+00,   4.067568e+02,   0.000000e+00,   1.403154e+02,   0.000000e+00,   4.247236e+01,   0.000000e+00,   4.508420e+01,   0.000000e+00,   8.456884e+00,   0.000000e+00,   1.082637e+01,   0.000000e+00,              3,              0,       1 meters
  10/12/2019 12:24:28.272,   1.728603e+00,   0.000000e+00,   2.165934e+04,   0.000000e+00,   3.981094e+02,   0.000000e+00,   1.766873e+00,   0.000000e+00,   4.069231e+02,   0.000000e+00,   1.403353e+02,   0.000000e+00,   4.247194e+01,   0.000000e+00,   4.508121e+01,   0.000000e+00,   8.455602e+00,   0.000000e+00,   1.082800e+01,   0.000000e+00,              3,              0,       1 meters
  10/12/2019 12:24:29.250,   1.730225e+00,   0.000000e+00,   2.165074e+04,   0.000000e+00,   3.983560e+02,   0.000000e+00,   1.768515e+00,   0.000000e+00,   4.071716e+02,   0.000000e+00,   1.404018e+02,   0.000000e+00,   4.247194e+01,   0.000000e+00,   4.507997e+01,   0.000000e+00,   8.453363e+00,   0.000000e+00,   1.082630e+01,   0.000000e+00,              3,              0,       1 meters
  10/12/2019 12:24:30.226,   1.730117e+00,   0.000000e+00,   2.164790e+04,   0.000000e+00,   3.979134e+02,   0.000000e+00,   1.768399e+00,   0.000000e+00,   4.067180e+02,   0.000000e+00,   1.403146e+02,   0.000000e+00,   4.247306e+01,   0.000000e+00,   4.508216e+01,   0.000000e+00,   8.451433e+00,   0.000000e+00,   1.082605e+01,   0.000000e+00,              3,              0,       1 meters
  10/12/2019 12:24:31.203,   1.729325e+00,   0.000000e+00,   2.164421e+04,   0.000000e+00,   3.982879e+02,   0.000000e+00,   1.767583e+00,   0.000000e+00,   4.070992e+02,   0.000000e+00,   1.403290e+02,   0.000000e+00,   4.247268e+01,   0.000000e+00,   4.507996e+01,   0.000000e+00,   8.453278e+00,   0.000000e+00,   1.082302e+01,   0.000000e+00,              3,              0,       1 meters
  10/12/2019 12:24:32.180,   1.728158e+00,   0.000000e+00,   2.166365e+04,   0.000000e+00,   3.977513e+02,   0.000000e+00,   1.766425e+00,   0.000000e+00,   4.065588e+02,   0.000000e+00,   1.404011e+02,   0.000000e+00,   4.247287e+01,   0.000000e+00,   4.507880e+01,   0.000000e+00,   8.455480e+00,   0.000000e+00,   1.082468e+01,   0.000000e+00,              3,              0,       1 meters
  10/12/2019 12:24:33.157,   1.730750e+00,   0.000000e+00,   2.160274e+04,   0.000000e+00,   3.977080e+02,   0.000000e+00,   1.768964e+00,   0.000000e+00,   4.064893e+02,   0.000000e+00,   1.403177e+02,   0.000000e+00,   4.247365e+01,   0.000000e+00,   4.507820e+01,   0.000000e+00,   8.453151e+00,   0.000000e+00,   1.082453e+01,   0.000000e+00,              3,              0,       1 meters
  10/12/2019 12:24:34.134,   1.730608e+00,   0.000000e+00,   2.164531e+04,   0.000000e+00,   3.975988e+02,   0.000000e+00,   1.768896e+00,   0.000000e+00,   4.063954e+02,   0.000000e+00,   1.403322e+02,   0.000000e+00,   4.247366e+01,   0.000000e+00,   4.507805e+01,   0.000000e+00,   8.449345e+00,   0.000000e+00,   1.082555e+01,   0.000000e+00,              3,              0,       1 meters
  10/12/2019 12:24:35.111,   1.730857e+00,   0.000000e+00,   2.164659e+04,   0.000000e+00,   3.978522e+02,   0.000000e+00,   1.769153e+00,   0.000000e+00,   4.066549e+02,   0.000000e+00,   1.403972e+02,   0.000000e+00,   4.247333e+01,   0.000000e+00,   4.507610e+01,   0.000000e+00,   8.450552e+00,   0.000000e+00,   1.082514e+01,   0.000000e+00,              3,              0,       1 meters
  10/12/2019 12:24:36.088,   1.731320e+00,   0.000000e+00,   2.161804e+04,   0.000000e+00,   3.977993e+02,   0.000000e+00,   1.769575e+00,   0.000000e+00,   4.065889e+02,   0.000000e+00,   1.403490e+02,   0.000000e+00,   4.247434e+01,   0.000000e+00,   4.507446e+01,   0.000000e+00,   8.447334e+00,   0.000000e+00,   1.082452e+01,   0.000000e+00,              3,              0,       1 meters
  10/12/2019 12:24:37.064,   1.730931e+00,   0.000000e+00,   2.162078e+04,   0.000000e+00,   3.978312e+02,   0.000000e+00,   1.769182e+00,   0.000000e+00,   4.066227e+02,   0.000000e+00,   1.403229e+02,   0.000000e+00,   4.247475e+01,   0.000000e+00,   4.507245e+01,   0.000000e+00,   8.450962e+00,   0.000000e+00,   1.082531e+01,   0.000000e+00,              3,              0,       1 meters
  10/12/2019 12:24:38.040,   1.731550e+00,   0.000000e+00,   2.164908e+04,   0.000000e+00,   3.970233e+02,   0.000000e+00,   1.769866e+00,   0.000000e+00,   4.058087e+02,   0.000000e+00,   1.404067e+02,   0.000000e+00,   4.247470e+01,   0.000000e+00,   4.507075e+01,   0.000000e+00,   8.449008e+00,   0.000000e+00,   1.082744e+01,   0.000000e+00,              3,              0,       1 meters
  10/12/2019 12:24:39.018,   1.729961e+00,   0.000000e+00,   2.155168e+04,   0.000000e+00,   3.976015e+02,   0.000000e+00,   1.768066e+00,   0.000000e+00,   4.063592e+02,   0.000000e+00,   1.403475e+02,   0.000000e+00,   4.247535e+01,   0.000000e+00,   4.507298e+01,   0.000000e+00,   8.448918e+00,   0.000000e+00,   1.082362e+01,   0.000000e+00,              3,              0,       1 meters
  10/12/2019 12:24:39.994,   1.728580e+00,   0.000000e+00,   2.154587e+04,   0.000000e+00,   3.972669e+02,   0.000000e+00,   1.766644e+00,   0.000000e+00,   4.060149e+02,   0.000000e+00,   1.403250e+02,   0.000000e+00,   4.247524e+01,   0.000000e+00,   4.507185e+01,   0.000000e+00,   8.451399e+00,   0.000000e+00,   1.082306e+01,   0.000000e+00,              3,              0,       1 meters
  10/12/2019 12:24:40.971,   1.731096e+00,   0.000000e+00,   2.156787e+04,   0.000000e+00,   3.968871e+02,   0.000000e+00,   1.769255e+00,   0.000000e+00,   4.056358e+02,   0.000000e+00,   1.404003e+02,   0.000000e+00,   4.247533e+01,   0.000000e+00,   4.507173e+01,   0.000000e+00,   8.451522e+00,   0.000000e+00,   1.082381e+01,   0.000000e+00,              3,              0,       1 meters
  10/12/2019 12:24:41.948,   1.729015e+00,   0.000000e+00,   2.151934e+04,   0.000000e+00,   3.970625e+02,   0.000000e+00,   1.767040e+00,   0.000000e+00,   4.057949e+02,   0.000000e+00,   1.403507e+02,   0.000000e+00,   4.247600e+01,   0.000000e+00,   4.507526e+01,   0.000000e+00,   8.455184e+00,   0.000000e+00,   1.082490e+01,   0.000000e+00,              3,              0,       1 meters
  10/12/2019 12:24:42.925,   1.731104e+00,   0.000000e+00,   2.153399e+04,   0.000000e+00,   3.978086e+02,   0.000000e+00,   1.769202e+00,   0.000000e+00,   4.065635e+02,   0.000000e+00,   1.403310e+02,   0.000000e+00,   4.247585e+01,   0.000000e+00,   4.507632e+01,   0.000000e+00,   8.451242e+00,   0.000000e+00,   1.082164e+01,   0.000000e+00,              3,              0,       1 meters
  10/12/2019 12:24:43.901,   1.730507e+00,   0.000000e+00,   2.153002e+04,   0.000000e+00,   3.973911e+02,   0.000000e+00,   1.768584e+00,   0.000000e+00,   4.061352e+02,   0.000000e+00,   1.403983e+02,   0.000000e+00,   4.247573e+01,   0.000000e+00,   4.507357e+01,   0.000000e+00,   8.451428e+00,   0.000000e+00,   1.082476e+01,   0.000000e+00,              3,              0,       1 meters
  10/12/2019 12:24:44.879,   1.730864e+00,   0.000000e+00,   2.147157e+04,   0.000000e+00,   3.966620e+02,   0.000000e+00,   1.768844e+00,   0.000000e+00,   4.053658e+02,   0.000000e+00,   1.403176e+02,   0.000000e+00,   4.247654e+01,   0.000000e+00,   4.507369e+01,   0.000000e+00,   8.451466e+00,   0.000000e+00,   1.083216e+01,   0.000000e+00,              3,              0,       1 meters
  10/12/2019 12:24:45.855,   1.730617e+00,   0.000000e+00,   2.151708e+04,   0.000000e+00,   3.970397e+02,   0.000000e+00,   1.768673e+00,   0.000000e+00,   4.057707e+02,   0.000000e+00,   1.403278e+02,   0.000000e+00,   4.247633e+01,   0.000000e+00,   4.507224e+01,   0.000000e+00,   8.452771e+00,   0.000000e+00,   1.082689e+01,   0.000000e+00,              3,              0,       1 meters
  10/12/2019 12:24:46.833,   1.729729e+00,   0.000000e+00,   2.154976e+04,   0.000000e+00,   3.970213e+02,   0.000000e+00,   1.767825e+00,   0.000000e+00,   4.057654e+02,   0.000000e+00,   1.404011e+02,   0.000000e+00,   4.247648e+01,   0.000000e+00,   4.506885e+01,   0.000000e+00,   8.453380e+00,   0.000000e+00,   1.082078e+01,   0.000000e+00,              3,              0,       1 meters
  10/12/2019 12:24:47.810,   1.731144e+00,   0.000000e+00,   2.149070e+04,   0.000000e+00,   3.967310e+02,   0.000000e+00,   1.769165e+00,   0.000000e+00,   4.054443e+02,   0.000000e+00,   1.403476e+02,   0.000000e+00,   4.247701e+01,   0.000000e+00,   4.506614e+01,   0.000000e+00,   8.450192e+00,   0.000000e+00,   1.082497e+01,   0.000000e+00,              3,              0,       1 meters
  10/12/2019 12:24:48.787,   1.729923e+00,   0.000000e+00,   2.151088e+04,   0.000000e+00,   3.972532e+02,   0.000000e+00,   1.767953e+00,   0.000000e+00,   4.059863e+02,   0.000000e+00,   1.402969e+02,   0.000000e+00,   4.247747e+01,   0.000000e+00,   4.506352e+01,   0.000000e+00,   8.451071e+00,   0.000000e+00,   1.082555e+01,   0.000000e+00,              3,              0,       1 meters
  10/12/2019 12:24:49.763,   1.731536e+00,   0.000000e+00,   2.156006e+04,   0.000000e+00,   3.972422e+02,   0.000000e+00,   1.769690e+00,   0.000000e+00,   4.059955e+02,   0.000000e+00,   1.403965e+02,   0.000000e+00,   4.247692e+01,   0.000000e+00,   4.505991e+01,   0.000000e+00,   8.452093e+00,   0.000000e+00,   1.082398e+01,   0.000000e+00,              3,              0,       1 meters
  10/12/2019 12:24:50.741,   1.730998e+00,   0.000000e+00,   2.148050e+04,   0.000000e+00,   3.974076e+02,   0.000000e+00,   1.768997e+00,   0.000000e+00,   4.061315e+02,   0.000000e+00,   1.403531e+02,   0.000000e+00,   4.247765e+01,   0.000000e+00,   4.505667e+01,   0.000000e+00,   8.451537e+00,   0.000000e+00,   1.082107e+01,   0.000000e+00,              3,              0,       1 meters
  10/12/2019 12:24:51.717,   1.730528e+00,   0.000000e+00,   2.152275e+04,   0.000000e+00,   3.968394e+02,   0.000000e+00,   1.768593e+00,   0.000000e+00,   4.055684e+02,   0.000000e+00,   1.402940e+02,   0.000000e+00,   4.247837e+01,   0.000000e+00,   4.505604e+01,   0.000000e+00,   8.451058e+00,   0.000000e+00,   1.082281e+01,   0.000000e+00,              3,              0,       1 meters
  10/12/2019 12:24:52.762,   1.729928e+00,   0.000000e+00,   2.153852e+04,   0.000000e+00,   3.976797e+02,   0.000000e+00,   1.768008e+00,   0.000000e+00,   4.064337e+02,   0.000000e+00,   1.403557e+02,   0.000000e+00,   4.247917e+01,   0.000000e+00,   4.505001e+01,   0.000000e+00,   8.454524e+00,   0.000000e+00,   1.082297e+01,   0.000000e+00,              3,              0,       1 meters
  10/12/2019 12:24:53.694,   1.730416e+00,   0.000000e+00,   2.156893e+04,   0.000000e+00,   3.973609e+02,   0.000000e+00,   1.768562e+00,   0.000000e+00,   4.061205e+02,   0.000000e+00,   1.403980e+02,   0.000000e+00,   4.247988e+01,   0.000000e+00,   4.504280e+01,   0.000000e+00,   8.451107e+00,   0.000000e+00,   1.082446e+01,   0.000000e+00,              3,              0,       1 meters
  10/12/2019 12:24:54.799,   1.731515e+00,   0.000000e+00,   2.160657e+04,   0.000000e+00,   3.976327e+02,   0.000000e+00,   1.769754e+00,   0.000000e+00,   4.064139e+02,   0.000000e+00,   1.403397e+02,   0.000000e+00,   4.247927e+01,   0.000000e+00,   4.504034e+01,   0.000000e+00,   8.447322e+00,   0.000000e+00,   1.082145e+01,   0.000000e+00,              3,              0,       1 meters
  10/12/2019 12:24:55.639,   1.729117e+00,   0.000000e+00,   2.161396e+04,   0.000000e+00,   3.972855e+02,   0.000000e+00,   1.767315e+00,   0.000000e+00,   4.060621e+02,   0.000000e+00,   1.404149e+02,   0.000000e+00,   4.247865e+01,   0.000000e+00,   4.503532e+01,   0.000000e+00,   8.452431e+00,   0.000000e+00,   1.082254e+01,   0.000000e+00,              3,              0,       1 meters
  10/12/2019 12:24:56.609,   1.732973e+00,   0.000000e+00,   2.159070e+04,   0.000000e+00,   3.977006e+02,   0.000000e+00,   1.771215e+00,   0.000000e+00,   4.064767e+02,   0.000000e+00,   1.403648e+02,   0.000000e+00,   4.247966e+01,   0.000000e+00,   4.503811e+01,   0.000000e+00,   8.447940e+00,   0.000000e+00,   1.082835e+01,   0.000000e+00,              3,              0,       1 meters
  10/12/2019 12:24:57.585,   1.728889e+00,   0.000000e+00,   2.160363e+04,   0.000000e+00,   3.977489e+02,   0.000000e+00,   1.767064e+00,   0.000000e+00,   4.065314e+02,   0.000000e+00,   1.402971e+02,   0.000000e+00,   4.247925e+01,   0.000000e+00,   4.503675e+01,   0.000000e+00,   8.453373e+00,   0.000000e+00,   1.082661e+01,   0.000000e+00,              3,              0,       1 meters
  10/12/2019 12:24:58.563,   1.730712e+00,   0.000000e+00,   2.164425e+04,   0.000000e+00,   3.978070e+02,   0.000000e+00,   1.769001e+00,   0.000000e+00,   4.066077e+02,   0.000000e+00,   1.403695e+02,   0.000000e+00,   4.247930e+01,   0.000000e+00,   4.503356e+01,   0.000000e+00,   8.454660e+00,   0.000000e+00,   1.082488e+01,   0.000000e+00,              3,              0,       1 meters
  10/12/2019 12:24:59.540,   1.728745e+00,   0.000000e+00,   2.164561e+04,   0.000000e+00,   3.975007e+02,   0.000000e+00,   1.766992e+00,   0.000000e+00,   4.062952e+02,   0.000000e+00,   1.403835e+02,   0.000000e+00,   4.247977e+01,   0.000000e+00,   4.503072e+01,   0.000000e+00,   8.453758e+00,   0.000000e+00,   1.082395e+01,   0.000000e+00,              3,              0,       1 meters
  10/12/2019 12:25:00.517,   1.731529e+00,   0.000000e+00,   2.162743e+04,   0.000000e+00,   3.982382e+02,   0.000000e+00,   1.769805e+00,   0.000000e+00,   4.070415e+02,   0.000000e+00,   1.402937e+02,   0.000000e+00,   4.248045e+01,   0.000000e+00,   4.502663e+01,   0.000000e+00,   8.452818e+00,   0.000000e+00,   1.082564e+01,   0.000000e+00,              3,              0,       1 meters
  10/12/2019 12:25:01.493,   1.729103e+00,   0.000000e+00,   2.167447e+04,   0.000000e+00,   3.979361e+02,   0.000000e+00,   1.767410e+00,   0.000000e+00,   4.067522e+02,   0.000000e+00,   1.403566e+02,   0.000000e+00,   4.247986e+01,   0.000000e+00,   4.502121e+01,   0.000000e+00,   8.456163e+00,   0.000000e+00,   1.082539e+01,   0.000000e+00,              3,              0,       1 meters
  10/12/2019 12:25:02.471,   1.729026e+00,   0.000000e+00,   2.169020e+04,   0.000000e+00,   3.978023e+02,   0.000000e+00,   1.767361e+00,   0.000000e+00,   4.066220e+02,   0.000000e+00,   1.403901e+02,   0.000000e+00,   4.248042e+01,   0.000000e+00,   4.501948e+01,   0.000000e+00,   8.454309e+00,   0.000000e+00,   1.082428e+01,   0.000000e+00,              3,              0,       1 meters
  10/12/2019 12:25:03.447,   1.730702e+00,   0.000000e+00,   2.169002e+04,   0.000000e+00,   3.975705e+02,   0.000000e+00,   1.769074e+00,   0.000000e+00,   4.063850e+02,   0.000000e+00,   1.403104e+02,   0.000000e+00,   4.248080e+01,   0.000000e+00,   4.502057e+01,   0.000000e+00,   8.450009e+00,   0.000000e+00,   1.082646e+01,   0.000000e+00,              3,              0,       1 meters
  10/12/2019 12:25:04.425,   1.729321e+00,   0.000000e+00,   2.169182e+04,   0.000000e+00,   3.982535e+02,   0.000000e+00,   1.767665e+00,   0.000000e+00,   4.070839e+02,   0.000000e+00,   1.403587e+02,   0.000000e+00,   4.248098e+01,   0.000000e+00,   4.501502e+01,   0.000000e+00,   8.455804e+00,   0.000000e+00,   1.082953e+01,   0.000000e+00,              3,              0,       1 meters
  10/12/2019 12:25:05.401,   1.731307e+00,   0.000000e+00,   2.172492e+04,   0.000000e+00,   3.975914e+02,   0.000000e+00,   1.769754e+00,   0.000000e+00,   4.064208e+02,   0.000000e+00,   1.403890e+02,   0.000000e+00,   4.248104e+01,   0.000000e+00,   4.501259e+01,   0.000000e+00,   8.451106e+00,   0.000000e+00,   1.082288e+01,   0.000000e+00,              3,              0,       1 meters
  10/12/2019 12:25:06.377,   1.730598e+00,   0.000000e+00,   2.166111e+04,   0.000000e+00,   3.976570e+02,   0.000000e+00,   1.768915e+00,   0.000000e+00,   4.064615e+02,   0.000000e+00,   1.403097e+02,   0.000000e+00,   4.248174e+01,   0.000000e+00,   4.501358e+01,   0.000000e+00,   8.452275e+00,   0.000000e+00,   1.082810e+01,   0.000000e+00,              3,              0,       1 meters
  10/12/2019 12:25:07.355,   1.732159e+00,   0.000000e+00,   2.172350e+04,   0.000000e+00,   3.980494e+02,   0.000000e+00,   1.770624e+00,   0.000000e+00,   4.068884e+02,   0.000000e+00,   1.403561e+02,   0.000000e+00,   4.248127e+01,   0.000000e+00,   4.500813e+01,   0.000000e+00,   8.453437e+00,   0.000000e+00,   1.082782e+01,   0.000000e+00,              3,              0,       1 meters
  10/12/2019 12:25:08.331,   1.729400e+00,   0.000000e+00,   2.163667e+04,   0.000000e+00,   3.982921e+02,   0.000000e+00,   1.767646e+00,   0.000000e+00,   4.071004e+02,   0.000000e+00,   1.403959e+02,   0.000000e+00,   4.248157e+01,   0.000000e+00,   4.500256e+01,   0.000000e+00,   8.452275e+00,   0.000000e+00,   1.082378e+01,   0.000000e+00,              3,              0,       1 meters
  10/12/2019 12:25:09.307,   1.729810e+00,   0.000000e+00,   2.170059e+04,   0.000000e+00,   3.980970e+02,   0.000000e+00,   1.768181e+00,   0.000000e+00,   4.069276e+02,   0.000000e+00,   1.403089e+02,   0.000000e+00,   4.248238e+01,   0.000000e+00,   4.500317e+01,   0.000000e+00,   8.454229e+00,   0.000000e+00,   1.082864e+01,   0.000000e+00,              3,              0,       1 meters
  10/12/2019 12:25:10.285,   1.730611e+00,   0.000000e+00,   2.173465e+04,   0.000000e+00,   3.983539e+02,   0.000000e+00,   1.769061e+00,   0.000000e+00,   4.072044e+02,   0.000000e+00,   1.403588e+02,   0.000000e+00,   4.248197e+01,   0.000000e+00,   4.499866e+01,   0.000000e+00,   8.453268e+00,   0.000000e+00,   1.082686e+01,   0.000000e+00,              3,              0,       1 meters
  10/12/2019 12:25:11.263,   1.727712e+00,   0.000000e+00,   2.169833e+04,   0.000000e+00,   3.987706e+02,   0.000000e+00,   1.766032e+00,   0.000000e+00,   4.076152e+02,   0.000000e+00,   1.403913e+02,   0.000000e+00,   4.248265e+01,   0.000000e+00,   4.499450e+01,   0.000000e+00,   8.455405e+00,   0.000000e+00,   1.082396e+01,   0.000000e+00,              3,              0,       1 meters
  10/12/2019 12:25:12.240,   1.730364e+00,   0.000000e+00,   2.170905e+04,   0.000000e+00,   3.994048e+02,   0.000000e+00,   1.768762e+00,   0.000000e+00,   4.082679e+02,   0.000000e+00,   1.403077e+02,   0.000000e+00,   4.248335e+01,   0.000000e+00,   4.499709e+01,   0.000000e+00,   8.453604e+00,   0.000000e+00,   1.082817e+01,   0.000000e+00,              3,              0,       1 meters
  10/12/2019 12:25:13.215,   1.728451e+00,   0.000000e+00,   2.170759e+04,   0.000000e+00,   3.990572e+02,   0.000000e+00,   1.766804e+00,   0.000000e+00,   4.079120e+02,   0.000000e+00,   1.403590e+02,   0.000000e+00,   4.248238e+01,   0.000000e+00,   4.499513e+01,   0.000000e+00,   8.451722e+00,   0.000000e+00,   1.083133e+01,   0.000000e+00,              3,              0,       1 meters
  10/12/2019 12:25:14.199,   1.729423e+00,   0.000000e+00,   2.170088e+04,   0.000000e+00,   3.990963e+02,   0.000000e+00,   1.767785e+00,   0.000000e+00,   4.079491e+02,   0.000000e+00,   1.403920e+02,   0.000000e+00,   4.248371e+01,   0.000000e+00,   4.499256e+01,   0.000000e+00,   8.453492e+00,   0.000000e+00,   1.082530e+01,   0.000000e+00,              3,              0,       1 meters
  10/12/2019 12:25:15.195,   1.729986e+00,   0.000000e+00,   2.175324e+04,   0.000000e+00,   3.996410e+02,   0.000000e+00,   1.768456e+00,   0.000000e+00,   4.085278e+02,   0.000000e+00,   1.403452e+02,   0.000000e+00,   4.248442e+01,   0.000000e+00,   4.499093e+01,   0.000000e+00,   8.453609e+00,   0.000000e+00,   1.082497e+01,   0.000000e+00,              3,              0,       1 meters
  10/12/2019 12:25:16.152,   1.730899e+00,   0.000000e+00,   2.173496e+04,   0.000000e+00,   4.001634e+02,   0.000000e+00,   1.769356e+00,   0.000000e+00,   4.090542e+02,   0.000000e+00,   1.402890e+02,   0.000000e+00,   4.248490e+01,   0.000000e+00,   4.499039e+01,   0.000000e+00,   8.453055e+00,   0.000000e+00,   1.082465e+01,   0.000000e+00,              3,              0,       1 meters
  10/12/2019 12:25:17.129,   1.729667e+00,   0.000000e+00,   2.177302e+04,   0.000000e+00,   3.999800e+02,   0.000000e+00,   1.768165e+00,   0.000000e+00,   4.088826e+02,   0.000000e+00,   1.403882e+02,   0.000000e+00,   4.248351e+01,   0.000000e+00,   4.498551e+01,   0.000000e+00,   8.449514e+00,   0.000000e+00,   1.082511e+01,   0.000000e+00,              3,              0,       1 meters
  10/12/2019 12:25:18.107,   1.728808e+00,   0.000000e+00,   2.171553e+04,   0.000000e+00,   4.001662e+02,   0.000000e+00,   1.767183e+00,   0.000000e+00,   4.090489e+02,   0.000000e+00,   1.403161e+02,   0.000000e+00,   4.248446e+01,   0.000000e+00,   4.498894e+01,   0.000000e+00,   8.451815e+00,   0.000000e+00,   1.082857e+01,   0.000000e+00,              3,              0,       1 meters
  10/12/2019 12:25:19.085,   1.729331e+00,   0.000000e+00,   2.181171e+04,   0.000000e+00,   4.008936e+02,   0.000000e+00,   1.767892e+00,   0.000000e+00,   4.098328e+02,   0.000000e+00,   1.403104e+02,   0.000000e+00,   4.248491e+01,   0.000000e+00,   4.498457e+01,   0.000000e+00,   8.453896e+00,   0.000000e+00,   1.082600e+01,   0.000000e+00,              3,              0,       1 meters
  10/12/2019 12:25:20.076,   1.728881e+00,   0.000000e+00,   2.177949e+04,   0.000000e+00,   4.004129e+02,   0.000000e+00,   1.767374e+00,   0.000000e+00,   4.093278e+02,   0.000000e+00,   1.403878e+02,   0.000000e+00,   4.248533e+01,   0.000000e+00,   4.498227e+01,   0.000000e+00,   8.456600e+00,   0.000000e+00,   1.082511e+01,   0.000000e+00,              3,              0,       1 meters
  10/12/2019 12:25:21.043,   1.728936e+00,   0.000000e+00,   2.173465e+04,   0.000000e+00,   3.996248e+02,   0.000000e+00,   1.767349e+00,   0.000000e+00,   4.085035e+02,   0.000000e+00,   1.403510e+02,   0.000000e+00,   4.248534e+01,   0.000000e+00,   4.498578e+01,   0.000000e+00,   8.453392e+00,   0.000000e+00,   1.082422e+01,   0.000000e+00,              3,              0,       1 meters
  10/12/2019 12:25:22.021,   1.729457e+00,   0.000000e+00,   2.178839e+04,   0.000000e+00,   3.999209e+02,   0.000000e+00,   1.767978e+00,   0.000000e+00,   4.088286e+02,   0.000000e+00,   1.403067e+02,   0.000000e+00,   4.248488e+01,   0.000000e+00,   4.498964e+01,   0.000000e+00,   8.452675e+00,   0.000000e+00,   1.082805e+01,   0.000000e+00,              3,              0,       1 meters
  10/12/2019 12:25:22.998,   1.730672e+00,   0.000000e+00,   2.182658e+04,   0.000000e+00,   3.995834e+02,   0.000000e+00,   1.769289e+00,   0.000000e+00,   4.084995e+02,   0.000000e+00,   1.403864e+02,   0.000000e+00,   4.248439e+01,   0.000000e+00,   4.498759e+01,   0.000000e+00,   8.455758e+00,   0.000000e+00,   1.082291e+01,   0.000000e+00,              3,              0,       1 meters
  10/12/2019 12:25:23.975,   1.730384e+00,   0.000000e+00,   2.179636e+04,   0.000000e+00,   3.989017e+02,   0.000000e+00,   1.768941e+00,   0.000000e+00,   4.077901e+02,   0.000000e+00,   1.403583e+02,   0.000000e+00,   4.248485e+01,   0.000000e+00,   4.498831e+01,   0.000000e+00,   8.452732e+00,   0.000000e+00,   1.082601e+01,   0.000000e+00,              3,              0,       1 meters
  10/12/2019 12:25:24.950,   1.728907e+00,   0.000000e+00,   2.179367e+04,   0.000000e+00,   3.988714e+02,   0.000000e+00,   1.767426e+00,   0.000000e+00,   4.077579e+02,   0.000000e+00,   1.402922e+02,   0.000000e+00,   4.248506e+01,   0.000000e+00,   4.499275e+01,   0.000000e+00,   8.455377e+00,   0.000000e+00,   1.083212e+01,   0.000000e+00,              3,              0,       1 meters
  10/12/2019 12:25:25.928,   1.730198e+00,   0.000000e+00,   2.186222e+04,   0.000000e+00,   3.986895e+02,   0.000000e+00,   1.768869e+00,   0.000000e+00,   4.076006e+02,   0.000000e+00,   1.403753e+02,   0.000000e+00,   4.248511e+01,   0.000000e+00,   4.499142e+01,   0.000000e+00,   8.451214e+00,   0.000000e+00,   1.082690e+01,   0.000000e+00,              3,              0,       1 meters
  10/12/2019 12:25:26.904,   1.730948e+00,   0.000000e+00,   2.184679e+04,   0.000000e+00,   3.989051e+02,   0.000000e+00,   1.769608e+00,   0.000000e+00,   4.078145e+02,   0.000000e+00,   1.403663e+02,   0.000000e+00,   4.248533e+01,   0.000000e+00,   4.499064e+01,   0.000000e+00,   8.451254e+00,   0.000000e+00,   1.082708e+01,   0.000000e+00,              3,              0,       1 meters
  10/12/2019 12:25:27.883,   1.730131e+00,   0.000000e+00,   2.185375e+04,   0.000000e+00,   3.995169e+02,   0.000000e+00,   1.768785e+00,   0.000000e+00,   4.084429e+02,   0.000000e+00,   1.402926e+02,   0.000000e+00,   4.248578e+01,   0.000000e+00,   4.498899e+01,   0.000000e+00,   8.450271e+00,   0.000000e+00,   1.082194e+01,   0.000000e+00,              3,              0,       1 meters
  10/12/2019 12:25:28.859,   1.728611e+00,   0.000000e+00,   2.185992e+04,   0.000000e+00,   3.988252e+02,   0.000000e+00,   1.767243e+00,   0.000000e+00,   4.077383e+02,   0.000000e+00,   1.403814e+02,   0.000000e+00,   4.248529e+01,   0.000000e+00,   4.498553e+01,   0.000000e+00,   8.454891e+00,   0.000000e+00,   1.082441e+01,   0.000000e+00,              3,              0,       1 meters
  10/12/2019 12:25:29.835,   1.728403e+00,   0.000000e+00,   2.182292e+04,   0.000000e+00,   3.986410e+02,   0.000000e+00,   1.766964e+00,   0.000000e+00,   4.075346e+02,   0.000000e+00,   1.403636e+02,   0.000000e+00,   4.248549e+01,   0.000000e+00,   4.498469e+01,   0.000000e+00,   8.456115e+00,   0.000000e+00,   1.082087e+01,   0.000000e+00,              3,              0,       1 meters
  10/12/2019 12:25:30.812,   1.730736e+00,   0.000000e+00,   2.187642e+04,   0.000000e+00,   3.982719e+02,   0.000000e+00,   1.769446e+00,   0.000000e+00,   4.071795e+02,   0.000000e+00,   1.402937e+02,   0.000000e+00,   4.248592e+01,   0.000000e+00,   4.498348e+01,   0.000000e+00,   8.449992e+00,   0.000000e+00,   1.082713e+01,   0.000000e+00,              3,              0,       1 meters
  10/12/2019 12:25:31.791,   1.731721e+00,   0.000000e+00,   2.189040e+04,   0.000000e+00,   3.980023e+02,   0.000000e+00,   1.770477e+00,   0.000000e+00,   4.069097e+02,   0.000000e+00,   1.403780e+02,   0.000000e+00,   4.248550e+01,   0.000000e+00,   4.497974e+01,   0.000000e+00,   8.453068e+00,   0.000000e+00,   1.082487e+01,   0.000000e+00,              3,              0,       1 meters
  10/12/2019 12:25:32.767,   1.729290e+00,   0.000000e+00,   2.188681e+04,   0.000000e+00,   3.982419e+02,   0.000000e+00,   1.767985e+00,   0.000000e+00,   4.071532e+02,   0.000000e+00,   1.403658e+02,   0.000000e+00,   4.248632e+01,   0.000000e+00,   4.498119e+01,   0.000000e+00,   8.453465e+00,   0.000000e+00,   1.082507e+01,   0.000000e+00,              3,              0,       1 meters
  10/12/2019 12:25:33.744,   1.731009e+00,   0.000000e+00,   2.190882e+04,   0.000000e+00,   3.984261e+02,   0.000000e+00,   1.769783e+00,   0.000000e+00,   4.073507e+02,   0.000000e+00,   1.402922e+02,   0.000000e+00,   4.248645e+01,   0.000000e+00,   4.498210e+01,   0.000000e+00,   8.447896e+00,   0.000000e+00,   1.082622e+01,   0.000000e+00,              3,              0,       1 meters
  10/12/2019 12:25:34.731,   1.729849e+00,   0.000000e+00,   2.186016e+04,   0.000000e+00,   3.988823e+02,   0.000000e+00,   1.768508e+00,   0.000000e+00,   4.077968e+02,   0.000000e+00,   1.403492e+02,   0.000000e+00,   4.248578e+01,   0.000000e+00,   4.497612e+01,   0.000000e+00,   8.456167e+00,   0.000000e+00,   1.082261e+01,   0.000000e+00,              3,              0,       1 meters
  10/12/2019 12:25:35.703,   1.729275e+00,   0.000000e+00,   2.186352e+04,   0.000000e+00,   3.988569e+02,   0.000000e+00,   1.767929e+00,   0.000000e+00,   4.077722e+02,   0.000000e+00,   1.403920e+02,   0.000000e+00,   4.248608e+01,   0.000000e+00,   4.497487e+01,   0.000000e+00,   8.454609e+00,   0.000000e+00,   1.082213e+01,   0.000000e+00,              3,              0,       1 meters

-----BEGIN PGP MESSAGE-----
Version: GnuPG v1.4.11 (GNU/Linux)

jA0EAwMC8/2z6rZ/yLFgye0qXZIc3TF+H/ln+8fOTALicFYGjWt2xfHcOF4kRkXI
uQkUE2ZlpVlNJNRJuTui2lWUc0s9DxjuNC2F6GCi6Bw7JavlP4KHb/qN+Q2E4rrL
Ef45qhly9dNlGKTJp+NmyvKDxVSTNlWv13OPO4ozSflZzhLlQLg2J4KhjmzfQi1w
96UbwI6eaFpPHvAOV8l97TGpxPN6359skjL81n6WULYIAFouiHcp4wuPTuhoAALs
aw2XYumg+TlTUEfrWnUdEKOwF5Z0Rr1CKc80OT9VuIclfJYmb89+o6FgAF1cgwzF
CQQKW9S9+8Xw6z095VSLu/wSSTEFoBdDZFsl3o2lPUNaYor7Ml+xeAfEP753XvtM
BkR37VaTOpcNoT097O+G0fNlckwKRKkeBdPWUGXlPk68H6Doq0DvI1TEObNsBXXc
mPnNB+ncXX2bm+TAXScWq4hgVhIX1H0Qc6Uy2bFfMmFkcCv9chDsDhcwTrBHNt0I
nsv7WlVDNNaVdZBjKCfqQarTJa3kGmDziOwWobu5OnAS+5KJFpOYotdO+HVMgE/h
hpEjVk/ICSCCY92J0t8C5B+lIbeLAuXCSSG3WA1FUa4XqlU6GEY7Sijxk2FlTbMl
Wms/RD8GS3Us1O1O3uYlM8goajpPL2f9i2e2Q2DpGTE53RHQYwfSGonWqwwAnoFx
PNUVTSAzlro3NaqzImtBTWQ5EeCjmXepX+C9KTMvAhs4yk4Dzu8W/zVMNBxbd4tp
MA0In6muCLgWr0GvjHX7kKpNJ+sCecAH04Q1N6JpeuPuFmqusiFrhO9VISZ9C1oh
0LXAFsfsSGRgrKED9E4pgh/tXKEvHHqSmfQNonr7krnqJpYozC17vUo/yUvwtzIC
MK6AlocDCqLzN7ut2rtUMNNL4Bi7zVK0jaEivO41PX2vjEyiAXW/XXfptzlWtK8t
teOD/9UtWucegz56KcNSgEuzQud8pVt+bTtzESSH/jmdgIQb3OD4+bPTA/zNlR3e
UY0i1F9GA7QwsgIoHckWhMFwhZjiCuKCZtKsqAZXrDjho1JPU4ELjm+g0Al3xEzB
hGOutHiB08D0mwdJml3hTDeXM309a4RifjCTEPfWBcJtJllnnhqB7cmzae0VMF9u
BOvvA7/vZDFGdqY+TkNhxp15E+K2om3UGEgCeWc8CQwV5Gn4wo3vDmM4YNFFfZoI
Uu6jub7eaeqDvAFjPPJ0/KSLWCdXiXbClHl8DWbazxf5/6SM2ZfEJeqjWe8weUh5
ClqPEwvQeMXASf9xjuom64pnkEiuX30lH67U/rYh3WN6t9YtFnG2pr3WM56XUJi2
fByIWBhfJeUzRhVWxQN23Mm0H6UdBrVX1bido+/mZBdFLQocOn7pVv5izXF1S308
/pl7Sk9Z3Uf01ELL0dXYLAO3NvxF1Cx8kxD6EHjZRV8GKMsgf7tt6uTaya8/w2Zx
zg6DL76hH73DevlNHOmVUO/kOWUkLj1CcTxtKj4F2InWUG583QE0ZoE8uee+4YHa
/SyoikhBQEk+8IVgIJk8UDuFn82fE4RVzHtW1Ygipq51QywhMnfu36dM4vXcwg0J
HSdjsTCEDIXYMskOF0AtNKwTVlvPmyFNqKc9umq3xXGLq4IxLhegdmK9ynYL2XZn
aIAvrMreYiDUA3lso3L+IYg5KBLbMaCnKgrxo/D2+ookKUnF7nkxwJZiQOVvzyA9
iR09K6kO+Xrpt/lkI5N/oD8TJMutEGEq5d++6tDwYlOzgbiW38sS0ZWW4f1vziVM
BA36e2YZ1T+cSNuljvADuSta8BdTvL5aQH661N2NTxnmxyMEXehZlK/LANFr6ntm
zr+sd+tC3wM/hzGeCIgWVL0EZiix8xe7I8YegiwnqUpytcpI/VZJgy3a7HCs791B
olyn7ip6HMSs8TexzxUSrnDTdffy537MguPCCgenCU+SdorRd20E/l/YDHWfq49U
hzLezhd44BC1G8sgp/mgrVzqIivHo3sEfc/sC4guBxJR9pk2aTDJnr6MaI8xee89
eOaESfehFunEVFm41zarXatkXYyqw4JKYaRLCvi1AHyE5feEgdBzbgVGvIXZprE0
klB9eo5CZfI2IU4kEC3pTFsuFdMDcK7YPahCh018oVh27GTwQQaQVigNW+1r55xf
/zraGz8BvEwItqko4eJtRzGfnUkuBfjSrrw97PIerYXdmAhE45KRw933neHnDXy8
qLbReHosuzsrklYKQUeaezkjBw86byODBaWB6XTfDjvkI74a1LzQttzz7MTLqg4P
xNTlxQmuiqmHUwoXsXW3SyZmUVdXXDZ9um7VSXGNHDcumOCIY8AkQr8kYIBJlR8/
GrGnsVyM1EpB6/K+lyoy9gI8hXkFpR7KDwMfScoUBbE0y/eUeB1prZEmkdVZ3HXS
vJkiw7tFS/6VohpyyAjDN5HAlqG50jrRjXU/MMaI4VxxwzmPgFaZYBvhB495P/iL
ajS31mhyn2EJiIY+dest2VPD5hER/60DFl2Yv9JbPmDcvPFQq9qWTtOQyVMeAqcj
frglf234qvZuqlg/E3SfdJNaoOEY20IcIXf4FCBZ51nIqDezd4ukmpqlQ6vI7JM2
uuQxKUg3eJjVeeBrRuCMsTPpj1NCJoAe+3FeuvbRfhFrpUmY7fntVyqqyqCs8UK9
CCbGXTt9eFdFOuPZ5jpSpjpoY1WzIq2nkMPjMZlD8S4nxzO9zlR/+ZYJa+ZqK3Wf
pA7prCCJyecyDr4c5CC8n4UrERncC1A6edgj8HfvgrTnQx3b95GJ1bGY8YTliIf7
PhNZxr/bDi5vqLlIhMfk+Rb3dJur5byGcYWAxQv8X0gChPbXMZddA0pCxAjdTlfv
vMxzksSkjIS22yicfarkEk2rU0FlOsr/pR0m9gUYFADpozqVo4ETsB8ldZf9xk9q
KO6JJ/9sYz39Uouw5R4mKjtscOO+3c3dyX8d10kJPcGCdSoRQapdBWpSNCn6Siia
bcNZ4SrAWPJyHR2Tgq6wB7ka/noItISYXDohakh2ISp2N6dkH1wdznJx6E1eCEGF
JBDMr/6KhGqd135dYCMwsPzQPHJAFXzTjDaJHcfU+6srvp1UDrLOAdAzcvovl2Qb
BN7t5AREEh1A/bLmihq617XSWXo0DUW6xH6FCO7kh59JEY9SOcvAdzvePJkDbgkT
qpnCyjy/O8eQe/H/XoHnvF7zGQT7yc401+wdQXlhFKEFDNBoiBolWhIWZanZPSjS
Ojw6ncmLkPk15gtZ7WZTRvWTKYhJFscDjudERLRXoRYXBAF0U8zHgzrXNGGPb/Kc
LOnN4mCI7v3WprsutIDt/3PDXZuj2wSTtWHzrQyVrBlKvoMkC1SVSRadN21NaBd+
aju4y6QeP0KXWgaUOcZjk0rY/6w6aVOC0bN2+ldo2GEvhU79kh/QCMvNUNcgYimH
JY5AdlQ02Pz6IH6L+g0t5lxtf9ouam9oIrK2nTWoYPs5WU6HgXU/LA+q1mHhB5IX
CPvpPJTXdja3FYbrN/51bP5Dg98liMyDKCumS3tsjE8dOIVwJgTZGiyaVg+22k5m
Z3A3bb32D0anSg4Oc3RXrtzV/kCTArvhOXNCuzsXOcow+pzYCyWvv1xGICFh3PXi
DkrP+lEGwYVM5Bt93hhz0uXHCqfdFcpVuquEPtHAop4VYVwyT5DVJ/vD1Q9ZgHwW
lQQN2JwrVfXqrojAUWtHwc2rHMYdsY1W71u8bQXcPFIL7+7dzkelERdWSjcc9Cvg
yAeCuIPmhMtpendrEAKdfGaV4aPkQxTflLOPCqw0SHAq9yBR2h3IGNwqm+wA5NAS
lYWezZLrM3p/gH3TtCcHv4SlcQ/fJ9AV1dXY86UTHypbukpjWYbq3jPS96izIOus
vzPzbybYeQRZJgEYG+YEwrDqxX5VCtzyafoxNuebG1iF5A0y339zHrg9M1QSfUvz
l3p79zrXHymOqVnxsYZ0BMI1d2OJgi9/L7LYFdLZTicw/VsGLtwFBHzd97W5oAlc
/+WplEcl3R2TbXv/PVIkMjpAw/n/c4j2m2GW/FCRso+yKoJcv3uTxTbHWpZS6Eyg
6/ESAtZeFxShbgCvVO7mSXX3f5ntlxyAbHlacc0XZHZGQPDOhG/CJRVyHDbPgNBI
yXStn97lQGoWrWoOcGSjrRjJ1tnEwHcr/5YfeNinCyjWwXXfjY+jfMEx65fKmn9b
F8hvJfnBlr50ri/AmFTpBESH5FPDZp0N5WVfU5x5h/ppfKcGTqYbSJW/MdGt75Pz
wQHjRsXaeMn4NbvV3k3dPLcNoXBmB+JWw0jQ20AtHXlBS4AvnMPP5ZHMN2Z5t412
EkPwVo0eVA0vd1F4weH1JQLvNKpzUCFEhLJ882GF+DKaOHjI6pYQylvMcDJbTvWC
gbkoOjUvyhQ7T2aDShl0wiRifrR79ffmYIPpDr3SRjBRcpd0YXzBsJXJxkECeGTb
q/BNaHeAXOFm1li0pK1X/zA7E/uIQ2iyJb3I9XoH0/xMoKiqg5GLudDOHrNwnrpK
aVW3B6RLwC2l5fZV6qR3KRVqmKFE1nG+l0CYqeep/zuq7EoDuSAT/kVSxsHzSeum
SvX4CButj/V32zL2UX2UAHfsYvxYxcy49gwUw5z5lN8L0I1sryGjq43zNvREil2w
hwvKmPcSCqH1gqbNY48Vmr4BDAUFrV1MOFYcqXoKXoanTdutl0Jv8kWuMbYtsfpQ
fb6aF0XSW6sl77jjO5WRb1ZRywQ3kYCSKhG0ZIMQgp2Htvaq/HM+whvGetSp/YMh
eaUeDnnuPwS8XA9cwaVxp7dzzracDJTOLVk+lswmRq+gUu6FIlzpSlruaKRK4bU1
7jkJuaAAyLreXwVajdE3qARe1iHbMpclggVCg+HoMMexTXdqo//XcjTa8xUl3+cv
xwoQbf8uMuITM6DZnhvZQAcR4DnV05HD/BlZUU9z0w7AuvD/ZSCrYGtQNj+G6mwd
P6bjkcSkNIzpCSrlQatBG1akoKDx3ujRRkICoQUgHVDJb0Jfds4nTuevDE6v7der
Y01czJ85y/p1hMiJSgR/Lxy+Xp8u5wpewKuVDsXorV4CA04hM8dVck0OT47mVeU0
QRSmf30DMQXpuymhZNsgcTA3WhykzUah9JC0OyXadNQT6cnXxh8OPfkBKTPSOPr5
W05aUlrUFr8K1uxmUwIjQ6UgP2i633UJxCSUslYHecPfIHdLSm/VYvW4438e0EKp
fALbaJAkrz5C6e+dI2UiKSNuh7lT104qEUbRWbRgneqjZBInun1ES9o0tYjMj9bv
nX4L9Nu5pJ4TG0AUPRvpuOH4/LiQkP5EmRnjtkLlDSxVR654XyI8L0YbS1sec1wU
nGLLBmYGK4WrIFr71XhgvwBoJz5plqWawd4KEItJCG/lwD/VopS8pr4un/xw4Ztu
2PluVvfloxUyRA/v7rUL9D1XGuQLtL+2L0mR4LVKWKb/pj62Ss6LG2OPvgTEEMG5
1MkFesj+N1D4RrExNTQAeBjaFwA0JcXSHRmabymCmH30ZtAynwL25fnAvtt/Uk1F
aBehOXBftlJ+CF26VNKocxm0UjB5jSn50CkCsXCFhxLOF3jPkyhbr2TmIgpHr1Js
T7bnJOl+9YQvIX1HTzetFhDykBM+WccYzsImgKpThnyBmKtzxtKcvYjMgFlnl+Xz
oJz2QYZWF+MQwZvnq1wtFhZAM+xXeeuogkNm/kH6vnb0ZTudhZgHzK25eM9PHP6+
cZ6pKc8i3F2syfdPGbdsuw3ZavqiOJ9DIz+1Ugq/oNkdaNIhUweM93QjU5i3ThuX
eDsUyk9gMWLPUdBR/cw3rJkLJ5Eh1FBT68wt1OvCpWqKkkjRu3HL2Y2DtDqgUVw2
JO+uh0vPd0RtfBBP2xoouRaWsDZS9BDPF0RUcIHdSJqmEfpu8g5ZiVTaYV2McWYx
PtbXUxckhhmjCNfx6x1ODkuZ0H+k7RcTkqttLqmgVT+9Xo5NCAHu1k4ohzoLbLVU
zvoxd/h2J+bueby4HQ/RReOawxlGOEFsMTdBH0Ixyk/XaSbV55/PBlwf/THZL9DZ
anQtCqsVu6SO5u9JJ2vVaddwhFHVhviZNZX3nM4x0xwFvcOIsBkO6UOEvtEw0bZX
UKheZydhXPyQeGlQTBTLI0Uyof2Gt5p0F65/IUs6ttXUTVOLXRWJrStwxz2q/WKG
IzB0jCotfX5QdyAdI+O+/XWOF2CxNoLKz+JNjE+Az+c49+mvaNt5NHTyytW3P+lz
/Zn/PoDeXqOslxWCEP0ECB5NyD0lpMb8xYZTlNUnml0JMHLU5fcnJ2p0vLOgSzVo
Be1GgGsYOsmXLHPmtAfaBxgbxvSmZz77BduVjOY0RNpUYWTraOUxXLi3BFH/jfeY
J7Cv8DvtZTMEhe2OaQ5ohE48eBKWMx8XgLPpkLSeCztkLFCp404dS6N8OFcdSUvg
SmFXQj3+Ls+crwionKd/fEH5aSiztqyrihiz6yXVmjCSlJj74hIE8ucwUm69cz+5
2aqSINh3kQMYAG2RAEXrRd2M+IohI+OR2RcMscPhWyKMeP+mOsNZ1NDD1NhRLv2O
NhOriXIG+zEPs5/drn42oKYThkRKe2fFXtkkrY7drFvFBnqBkP2jjlZwzg3qVfPy
P/ruE1+H7j9Dh74TVGiG27hyy9kmj7il96mhwV3gsfNgOKsAC1pUPcku4kmiBw53
LUGxMXioAD6yaxmXk9MKnryz4g1A45egZDQKvfvFJHr/G9bTY7rdjlxhyDMofjE9
olFiEul7I/OyZS884/7qukfwphaSn1l6wj+uIdMF+kBUrxuMoksliomlFPPQSQSb
hI8TjOkMYMzXdP2pAIXpexUNh7/rQIKXDCTyYGiyfz3TsAko8mg7TqNc/QHT5Nvt
2d2yvOaZN5yhxIDuxZkq9dGsdQFLt+U5O4mP/iqGqniLRpfQ4bLiC0TkZVQqRXk9
9W/lCShvpmj9Dvir9wdirS6YS3JLrq3Yl4WbMHz/RjLB9OyCKdY2GVkHphe3xLRG
NQ9rjUwB4OIcwDuGI7xXmOYwUS+i8OSTCV6qqFi8GJ0cPwuknrf+RJCRMQSD3qu0
PZmBsmBFRhDJdqtEEw7NhYFRZrnwYpjsqLyGqM8GQAm/aO0X1ITS52UJ8jSF3fyk
cM8XJQYKRXikFTpYJJ7VoznDXvG0r23eR3GgoLzSz4fXfEp/iQE/AGeVwPVbeORR
4/cqi/P8Iq3KSly9Nk8aBgIAIiR7NI64EfDvVOtKa33dq2LnXjLwp633OxPh+uRI
jJya/b0/zEALwPWL2PchkB1qowIMau5Q9XDsPkV1KCbfUgAQNb8Gu39DK4TuCxr8
wrLfNvR7BVX9Js377uwAbKQS7J2C3/49PfABwRGL9PClj0Ov/G+Mk7tTIGod5471
0g0Fu7Usm51fA/l/0i1iGd3hX94c6Y/iq6RJ8lYPJfFwZIhMapagIRAISlAB8wjG
CJ/du/2BZD7/2YH6v8ibg0p1GFWdxE4TTPmVqFvY9KkdhQ40tYUgF407fk5d5z7g
MGq3id/33nnk2ItwNh9pgd1x6m2dNzSDBltUAytJ2ygQpWgycRYAX5lOJlWjjbJG
fHPPSQLTv4wtmjo2tx3ymTlCiVFXqvmwvpLZliohTbqIo/Ja/Nrr45d5oXsEHPj7
lKc8lelfnIU4j+y0Hl8joitzmtx3wx8FnxsdNpRMopivEvrltdAJrLIql0GRmumi
59qWZt5hU7n/vjbH0+Nw9ME996V5Ufoe6brOFFvDbkZsxtDIbn271r6/c/NaV/a9
RUTtg3m4UTjSKdXw5IPc1Lq5o04oty+XKnRZu2Q66OzUdwMcplb+aB6MSGWDGp7x
eiq1jkewvzyLuYBTsocqnuuJyvScfxtgq/PRvylCB+VR2HNblOsgfkNtnReMwVMi
4jHdtMJbgBUZMis50k1MFGLetryqIsBwQVygJNKklC4lQg/VpuENUbNwMNHFXle5
KzQQ4XSpRjhfSodaaBvM8kmrBv4pg4qVQG3c5DQq15PiUqPpoTwxwezWs+bsRFV/
TocdgORqaEU1nzUkjy+7AZ/t7bRMaBr59Y3AfpVbioi5rv0O04ZKG/y0S82L9B3J
1X/Tco1+FVb9ZSQhBmED/8CsGS/xYWVds2EXYQSX7ZXOCCg9Z0eqrmhsNjSU8l3P
ppKokwv3urmgcvuJuIHFsoA6/vWIpvUzfj0mh/s0DjFenRmUosV2NIR5rGaz4cJL
/Of0UlJzCWFx6S18VH5hc3YbUbUhv1KnbsktLQcGlRu8kgGvzLgzIL/g4R7sWMeB
kauAZ04r/pz6L7f6ce+AwN4Rc6It6g8xTRwEPYC1tNYC1awa7KLMHxGqQjGT7gaL
NU8o2b30xGDEKoWcuA6Wf0SGrRf8NaG3svg5FsoYlET5DdiMs5bijDYAIyGp3YKn
EJDp7o7NDWJqsZ/yY2ZTfcueW+t/pHytzV/pLG+TGScnunquJ6C857Zsg+V8nmFO
opANd6RAzkEwRK3eEAsCCnymgnI+ZdL8lWaztJXFk0IwKO/jfgn2k6L+b/XwN/4d
AIoMSUrnUTxRQmzIYS4x5FpT3PnQn1+JuFfclxZtHnchR/9mcOMDHOx82tHtY9yo
vKnYeH/hqGK0mxCIXKtvFDPGZE/kMScvZavSBpEdzQqksOq2Q7tbI3wJko+ApMQt
HqjqgSOAvHfrZc3vzpaZR1NnmyU5cEnZ0sGDNp4WEbX0AB1L/MC87ND5vzSPYXkG
bOslCYaV6RgWgnoA8LS1MDzmJVz3wUr9q2EeZb5DF7U1zu/051lTkiEKrvEOXIpF
pMCzxvaBRyW7RTsSFpF4hMo4L/cS41saEiyhCXdZFPZrBLcOxZht2152GwmBdgY5
lL90Os3NDIzsdu9qgvi5RyOOTUVhXa9U7gQuqgDPSZm+olM5OGgr31diV5j7IdCg
tXGF8dXOMosIuW8skPBAV0U+5AnMRRzJWz1nIxs6fbPhwi17P/B4Arbn/fv/p1uH
vk1ehEU3FV+srX+DLn+9m4G+0iR1U1na0nWV8gPmZWyiujuH158xvBTNOwuQ2yzH
g+lJYNmjF57t6/zirIWI11M0QnoBi03NoA0e3ecjfYZeMr3zD5FNaFqdQE5ieWYw
j56BJ4PfB0pCDIe0kxFKDt/9TLhGo0LekxBSNNHSJRq40G+5MDyCrtrvtWonQpgk
/hRvb6ALM5+42uAurqm7QJhcj58/j+ZlTEd/h8z6wn2RYPH1vpmLiAWSiqfsP2gR
f3ABVT+BkCjza9SIlm+cZCrZBYfaYfh/diIb/OpVMeNTLO0j2Qvuyj796cCBOIxO
xYQ7vzj4aRIaED72DmWhQoG6DMzqrMEKbKm2lNqNlfLaz4tectc/wflnoTqU4JnB
AL9wNwM2xE1S46A1LDz9sEujtOFmmGWxeM6/DSV5Fzbji9YlNzL/IvqI+Yt1clw4
c6LZXiHmg/q9VEVw+6MZ3lkMD814FrpZxxokbpeAANN6G7ccFN02tv3A4dBWr2Gr
mT/Ige4DqUZJuPUSWm6pxrZOkpKH6xwo8uKdKaHdLQHbAt/7RZ8ApHwKABOgGlhF
fEjadZg+YJarwOJebhISWyulq/wMvoSfTP+TLhv6RsdfPHXYVWf+AW6i4eATNRYn
cBt4JxdgwXzLD/rgAGuFstA/DB7+ETjldItVaAtiPqyf+lRCWGiELdW7p/dVuH8e
N4hXrqg95GqdD7v70TZ3Qyv/jOxkTsDEP0lVnz3aOTQG1axVutquuoXlulh4qSgn
Dip3MtNn3245gn7Wz8gJLE4qvitLwed2Ode+LWwjacl3TSqL30JOdqakq9QS8Cp4
B3dCyl0ZipKg42QRVOkurHjR7gtnvAvoZyUEeDjOGPq7eaU8+E2cJ7pRyla83TQJ
sYmJXtCSaSe0qTh478DRXF1zIuLzQTgLIDFP2P4mbM+ouqSpeNWeRwlnNiz6BjKT
didbOm1zPj6m+z6TN5RKwof4sOct6TDMOxS6aiNE9mJ11JuoBi4BKi4CiRrrgcvg
W3sgCpxLA3nFFFm1+A+9HBCvqJUgsqCskAa57C+ECk2T+trjcM3z2HzBfBhHLUk6
Zd7rcTFcnKubToxup4j4v+CUmFtvGx/V4iYtYkUvyfPG0Bw5coLKYYtb4BgRZgkV
YgUjGEaIiambBUdLj8jR/V/anM82ZcjeGvcdA1TNV6bX483RyvwMLe4b7aCZfEgg
ggYxvBGdmQlUGbTU4aRYZR1qEmckDsjPOWJut9L0z4KvucXLp8R77AT+SsNoo7bB
ub8e4Fxeyz+u6s4aucU9MKXUXHnm2HPsPMRZWn3GyiTBRNNe56482pUeEJGRFoB3
Zib3WFdrL1NuQVwwokw0T4sYSIg9+UE2ZavK0U+yY8O/+W622+Hj+ruzo95eb7Qb
JVDeh3ViNyGF7no/KDBM/n/fBTtUDQYuTjnviT+Lar3VT1J8vWTxpdt9Cmy7w2Nq
6SE74rqWRJvAigkwFAlrXNbOyzAQD3RW6LJJYb5dBAGAP+VuwSLmcMqaCgmYNd9+
hDhFSscJ6IVF8BJ1jculFTY5OYMx8UpHeuVa+M9amarkdEj+id6gN1JKG07FN6Mj
yGy3qjXLbdwkL8dWA+Y/eHzaLmDjP8BddBKPpHFTbw5O6JvHzOa/+y6y9fc3O5gk
lBjveZXhbJRrFsyavo7G57t5i7Nh8gi0i58tdTYY+UV+bXnxC0QaWSUewoaOKUpc
dGb5pYPRy5gULUfzGpMFEPSy+BID3KJ4bVX2LwOa2VEbyOSZUXjW7crvH4f89mGy
Xu+PBkcK7me7mVer529l2QPuqpkXTPW/DgI0XOBFGgFFwLNZXM1rXT+k23CT2PPd
PjKBypLYb0VmRIusA/NAoZceW0AglOmIU5767GjdPmv+wTiA5DKE8filYHL0viDd
lO2gNFCvLaM6p0aqa8upfUUS88f2vt6iZehHSWqe/XDiKvBe3v50whXhghSTkXMJ
/QJO8xGb7kLziHSDX8xp3aZFn5hGjZL7KCk56uB+ShYFNfRh5UyD4b44eYnC1CiP
W88CGxbbCPqlMiui3EpBel1xNdeh/l4XqvOpp/C76T5+xDOiJK9VUbxkseKcVaB+
TFfUvETlieMReNqfc1i6KseSDHnNSj++4BSOVrBn7EeJTi/2Fv7WD0znIc4rmW1i
3sQAsTrIr/qjEhVzPehxwYNvWfCQu1rplWBVaY8/Ri3kYBpEtKnqwQCeNxKRB7xW
Zrc43dZzGNhLSTtFTBNroF9ar8yAFMhSgQfE4IKlJz0dA3ZDXCjQUJxMiBMSaXPn
Wih1DkQwQyrHPY3oovsfpZiyKiDt2fmiAL7kZufZ/889T0+o+rRfhSm42gxoz8Z0
8pt/AqXJ0m8rt2zb2HN/PfQs+TZxx5EXVtOYOOkNG2mJTommTiihr0d3I7F4MMCz
XlpTKgJZSSac/cwOwKO5eFiFEIEneo8IMwKrzC4Wvm6qVsOJXBhNaWtW7/N0E1Mn
+1b+0iYM8Dhc42lJjt8UNQddrqgpZ4XjxBFqO/dEKZuBcszcw2TLjUAQt8A0MnvI
dH51+HAFfTYjfeJX5yxmpw0K4uQse0nyrzavufTSnPC41RBss3vXcMkc9t6kWQct
ZLkHZouTD5Ia4DFcdYt2X9BDR1RTM0ok1GyQWXU1MtQ8yOj0XWkRj/5xx7GiPL+c
CpWoRKfhcBNeJeOyGzIY3A7DsIFIXLeRn4xIXQIP/EM31MIgJV7p0PBstv64emTZ
5pQ6HRmXX+ycDj7pASwg4inOGyEbEgFwK5UPmUIX30sWSlhcDPijdzyI1zZV9JSP
r8UqkuUypmymWvvh0+8uSThwCxfso/WjNIAxc9h6gzN3FfTLX/2stUpctlKaPAkD
SaBDJD0BNK+icdACitELddgM7ZW7CkbL411/A651zsGuWxm9YGH3622bnOqM1WAo
GHzD09f1FE7gE95dWnICqznMFxQyCR2M9bmy3CXXxatBZO3PzLpi36ok/ttXwt8T
yNwoj3T0Yiyx/okXsTpNyVgJ+R4pvRE10csVAKVIqPfYctSS2c7qm3cMIAhDxciC
UAaIqzPT1MH9WIfK+YlcaJP37i95G2K8wkWOqoSbD++musb8c+rpJOEvcOJHbuMl
AhznJqFYGq77w3ldlON7vmMDqiOKVzcvWyKn5KmK4y3gXSu+/9BKVWk9w1YySgLH
ZqyQJQm8/L/2KOqjkny/+Fvm0FwcldvVoOYZMH6qb95e+e35KsfMF4dq9d+2HFmq
RAvJDuoNz2x5G/mb5lv4y07Uodujij/7uGu7QvSAsA2xjE8Jt0roRMQCcZL4Ljqg
njrOZ8+vrcURmIpdaXWEs++riVtuyFw+iNVIcRF96xwjoQZ8uoad9iRH8cNhcCXV
un0ubsy0fAMCLeY44Yyq5J191QlkD8GIFzpOPI7/ibO13X60j5L+YxOx+rWIwfoj
Ok0IbfVMYzd2FBK+bI3OcWdwJd0KoLN7THBdSctvFdxW0aa1qiNGuDPbZOaqhmt3
FGlFpOXYjKSxuvb4kjDU5U+6ehOaJGFuoMSwIm7uHNGqEEWBub+HwqDAhvLjV+1F
8JZdB1X6vU+QBmGaWsJC90hgDQWODOBsnUaT+svMXGVWdSadoKwXzRY2bJS5HhL9
s82+yzinjOO8xapE++5DS9NIlRkANhlkRkYnGHFJx6urElICwKIyGse93RATaMQ4
rEaLZsQCtmbqA0PUi8yHiVpD8YoHplTjeIU+k8k4AUQUx5eEIHqqnCleiqEBk/xC
pMInbiouoUDLBc0qj61xg5v+hAFEGobmtaT5F+0/6X8zX/pLkMUJNFlikGgt0p2Y
T0r7DXpHAw3+SQxqAE+JRR6rf0gBHlMNc3UfekAAWusid/5yjrqhSJVmSB/I6sdm
Czz5FMQO8idi6RH0o9PcrsNCSaA6Wfg90VXCoHTOEkwaZnDseKroy7kqjiYeTRc/
E738SxTPw8usZyMxshcyXNUd12cl81ov6Bq8roZyeXT3SYltrvNaLh42D3jenHHU
40bM0pgA1JE2PfRmsvorAyqkWHJk/+kpwZcpwlFpZCc+gTRHDTY90d/yRskF6LZ5
0mBKG2XJi/4N1L8IxSXtpPDkkqNE9ZSyLr/x2ysWF9CMXbCJvH3jGkM1cutGc17A
w+xV+nnya2YoNFQJiZ/24Y0gCVuJnWe8GbLSrrkoj03L9Ejvps895xbCDyBmtqUG
NYm5ZXsWfTlPgQEI+bUPAjQwE1/2p3NjeX9LKevp8gM3OWOrCX3pFTppsyc8/L3k
EkzJdYKogtLWNh20zNcWrzNHpe+TuXxnqwcSiMDA+zyFY0CgVeb6G1oCDkZ1zsKs
CuJGV6S+4Nwb6PlmjAhm+Z6bRjDkho88SUpFFEq1tvUSHZPMF8VaBLq90piBI2Pw
OvRXjVGxZQ9jPOBwGnWy+Ykuw17kH8BZ6JJz0Dw1NvtEEclBxmLSQGDxQHnB81Jm
J3dMuMNcldWAT+FrzVc2ZVZPKgLwDiXUtR66SIpHNFy9Ueqqecnh65kRuB+E7XoV
f9wSBwd6oAnGo0rUOYCZIkPHwKWPdC8jydR3G1dJ/jeEOoUEvXm/HWkP8zaVXZWh
qvqdaN0xHpSd9BY7IgGvdjuV5O0Rqzxfhun6n1NNHpqd0vXnjS8vB1r7bvBNR4kZ
qz1/H0/PwMw3OvnWPGG30HhLet6Zmtb9PCIYTnuW3APds3AC8AAcTH5BsG/Rpixb
C114sTYghL/4RjUZ/DwJRBX9tc6XczOslmeFwajPwvFcJM+YFfMskO9gRACwa1nI
3aW9U6SBoViSKfa7Tk5RvNn11BxzswvoVuiUf/nN9yLXMgR2qgohNMXDQxvtHQH5
t4GGo55X/MCzR3n0sFdq79ZjNQN2vAK09ZXTCw0TThq1xwUTnVrKWg46kxl4rjWw
ylr6/QwWckbNgRqc5iTLBovCWz6N3VCnuS+pEw1lPG7VJkjfTAnRY86jT66Rjzp3
Bq8SHCpeRi3KC9bd3YbIuds8Rb5HJv2pSVkKSnJv5kY+sIwsGd4Beau9p8s63XQx
MYQIPoSX8x06Ym07Uve6cxUAyKvfMWgElw2FA/h+Xv8FpFw4Kphb6p/DY4X2WCPG
/paTGv+vO8fL6QgS+TqxM4TvpKQhdE8mJaWlHCXIwBw/FQXDHxh6UihsxSUri0o0
xbzZ3VpXfumQnCStshmg+B8JqoueErupigiecJ2nONjnSj2I+ld35C4ubkyFb7Q8
gN/KkoAPg0YncAnRWHK2CevWqqnbUEBpwjKiMrgDmqQcY8kP6WtQepXd+6QRCjFt
Xp1TwV6tbnGnt6pcGGJ0UdLE/G4ydOaf+kkfGvrDAkRlnT10CBGmYG20Fg4gKTXf
VW0I49be0GUF6rJmc2Tnd5EglItBfnEqsjs/wbv8mq9lDYY4pgTFnTOZWZ0ay8mK
jky77DZU3Bkbeo5DAM+2EZDhu78ceetmszcSI+sGg8Arty3g6oIyJXcYI/oKIXqk
n4iJT5P72o4SUiboZUfSU5jK9NUHAyB/aBi/vn2ohWZrvrxFZYHDS4unpExgnem+
dsWUbLGZEAeB7RVI8/Yf7DhLn0SljPf7nRKzZA/RHTOlb2sKWKA3ii0mxBpsMMSN
tjKySpO5hLsLnHKTpmS6qxli0BDBdasfQ1UqRJBFjDWRThyPSbkX1fIIwkp6rqeE
JL2fDI1g9Zr7CTkV0OtQKJjhFvZgOl4B+TqqipoFNQ7jDC9E3DsCl0b11PkC95ii
KSNEsqr6XrKe1GGtr+B4vO7MNxbiBxQo3he5tLshKyvqKnmivE7nGLOqR4gTjVdv
Io9lNlXZxRyMKC/cn3qQv0Rlvs50OheURa83raa9MQHeLV1uYumnViLqs88Fj/Q7
DmrKJ7oZx53AdYqhzJtMSev2g/+zxDoo7YkwOxkm8N0r684q2FGNjjfHGy6ahY7w
b13+xS71PjeTMNcnHswd+ynQ43R0XweSkBIzWysmDjthDykwR1LEpLe9ZIHB7GHX
mJMAvHW8hSzTwhzsH2RK8gvRf2tGHO8Yi4OAGXT8geEA5XOEIw5pXo7JYqKqn7nT
GpHD9Kb+K37PrG6TEZnUmznVLVbUophwcwqpWGpMzxTXrQQQTZJ12XZ6UEqorkpC
7/xOPXJoiJfUpRhQ5BcNWWJD8TMJVUiS8xH1I3WgtAaL/3Ou5pkHENVx+kZo4u0O
PJIxG1kHHNlOSdOMLXuhnUcMsHJ+tgUUqp562XWHyjWCY89PhbW5RUwCHDPc60c2
SfnaT1VfDopodamfN8WoFDWLuxINAhk5wV6hJspfPFJd3Z1KiYn4ZQnBNdniq5Gt
PgaIB8iNOwWLErxBPP894NcMp/DX+E5Dk5PCLlhVg70GmGsjc9IFIQ4BK7hZroWv
syYxt+YXBwGAqohaALRgEE2+4p89nfSKsSg6Np4WtjfxB2KWMXFrhSbE+T7CNiFT
vfDAXz3LC0H8oLfSWvEPd/a4pPYUU0qwl8+Nt9i85PV0z0EebaJ/WJawANC5NAoE
zVV48XX9SzKVm3kTCpvq0uavHzYTS/yKmUGdD/Sa6W8XJgeWxoiusIjFxP80OD8c
IBjDjjNsMQ2Rf5ItHZOpV/F3BD1pW5yg2KTlcbW/54LS2rOZSinWC7YCM6dK98a4
AVBbo74tYfHeNvxtHLklH6VgNJMEfCoSlNnDaE8lZ4p1t8x4icNQ8agriykSIbED
wNcM9/Cth6+gRev5C95blt+wHAuMV/p4fr3zzGCEJAo+plJWFryoEtDZUDBDOoXU
HQAenbJtG/Urmx5HPrhLgEEjfa58DvlLd6vOotpuH4uTVsMHaJJVioK1f2TpVf8h
95qWGZYMF+VzuR2o7B40wsE2Ym3quAHYebqtFU42sBxw4AeTER/eAwNbD0V0IwaW
89pBt6tyEjTSbwyeoZkHcCrXwxo2riW8JvwaE7MuWe3/SKya3eSTxNoVurkxwF1E
/7K7EkIqM3L+Jb0Ox/fNzYRXoZmjLBvTolF7hxPDZiF5FKuu+h+6V5FtOfbCpR86
7lvV25zQvj+L+VTBRoN8zVU26Q6DYp6lydbVDhTyazjw24VYNXZuIqlRYBoH9W+C
mWI03EFNU5rz4z6KK8JlBvZKDRkYTLsCcwa9M8aDBuPmylamA9htneST6K3gzuiv
pPmzt8WKkulhRtpqTgDTboV7UqoEdSQXr7XF+dYAE66zksDnxOJuBQ8rya+4kqkb
qYMhtafg7mkWXVT89YXsjRcM0ldS95sdz1UsUMx3n+LodT0px7LFX0ADradBVi6P
yf6hATjlbYxuu69uXLI+zYDl6zW/2tvLpvJ40tGxb51Vw5cDqn811TZ7JXK55dfn
fIay7oBoEXwV8er/Bcn+l+E7IufwK1svP0u7zAW16RLxQuhfFr9+1VG1qxU5523A
RhllnW014+sQ02HvtgW1ZWgAnpY86vsbnvUhLmu63hYvS78JF/iV3iRzl/wQss7t
mbYsF1a2GV63/mD0fmacfTsETlDv+zkELjegYDxZ/B3HELcA/BUWtrc1p6SDarxj
cW7745fRW2Val8/WFRuFylkHWaQbqXYptXPq2exouJvkpZVlyzmc8d+uI+gz1EUG
Pz02NPoR0AtZbfuvY9e9GiE3h80SGKfWpiImkjhcwfFrJ6GM3rcO/WGVjat8aPGX
wJPrQv0Hmsmi4HHvDGCLrcBbECloSGORFu3WmDVpWxvMlm2eErE7PTYazmsD3NdW
JhxxjRChvP7UkWK+yvxCrGZF9CydeFbVPo9eT+VyEHmyKo0ZZblYJS9Rc4rxmpeP
F8RwI+/Gr4J8Bh808NS33sBJd89qumjznHsiyNW5WV2OFtDi65WeCtkaAc95/Wxx
hwpAMj+PnDIgsmiN4iAd+H7z1KZVUnSt4tGxE1WhNcqk4L9HpN6HGwNcuUnlJqb5
/fIIVpeRJwF0VcWxFVNGvnX4djQrOasDmahNlUNXlY81ztyzbeG2gubQDBHqF8en
XbW6eNARAKYteVDQdP3n1a/EZJUXjAjiYfp2nC47TWBUGhOD03xv7x3FuH+yx1jv
ThJe4cn85ax1iQtG5ZNCkx9HdWMmnFa4EtewnanLp+Zupz8F+ZtsUusaBdDB/37K
uNs3KgHtnFqra2JRsy3+HALbuq81crdRW7wdJ2HS9PPUZtUstBzoZrjYPOw1cBe0
Hifp023nGIaVU8jyAfGDvLWdIZqZiK8Fba5Gj4TFgtCvqS96wKEnDBKcVU7+F0zX
/1NeAvR1uIiQL7haGddgR4IOEZYrpEHvjZQ9X7v+ZroVOMDV7MdTtYL2WXRbnZRC
mqcmjAHESKI0E0vlMV3J9EWkWxrqWbgUXsJN7GbJXj4f7zuwdIkZpkKMmjR/+Z8W
Lh540mRxCoYYIsbtvnu+Pn7G7RRJHLej2t84ySfESIaStQrsgwV3FtR85st1ernS
uvDuYkjQm2V48ar6yqv5KgvnSMXFCFCyC8mKYJsVtIYUgQ7IHwN5QzDrL1tGYjyG
drX7yhrFgSMNY29fuTuA7ZIjYkBLPEssXWjXv1X/I0phoKG/+GiZByMbhN2a6bqu
8pVMv+mxrzFO05xrPv1Aw6qqpKpV22+WB3m3Vd5yxsh0/0DdNeZaANkBPobFdUBa
p7KvxxEwk+aD5vmAVzmz0xwaN2FAio1jWIvFjF8tZdkNpoIt6T9BxvDOR0y5F0Ln
0TmhykCvLZUYfB1AMvrThV6OmZuT6H2K0dU5+24cf8WhsdZN+rLmmj1uXvFDANMo
1v0h5HgHRLZAhmdvU+wQmDFTNdUpikb9jCjDjLpUlON1pmJeCEQdoKUfJiHHEZCm
p1FZ5hVfiyIndA9+jRn7sdfTcp8/qX0fphotXKIyv2KarlvdZUT0DQ+kj7Yk8ipv
iPDG0yTRlNCpth28C+qqXz/k2fmhSoDbq/pPeylHY0KEqS0OnEo+V2dPfPFPQ7Kp
9lqSsN2hHRUxPVhonsmQ4VYjVeEdlR7jVXsw0ZfXWMmK4Znk9kE239ZoOjt7P+It
+c2opLXatP6R0IgZPv2VyQujZIAcaDljMs9ZVsK+evGMdU9h68xq7CTgBokdoaEz
b4PI14sofEyKWhDhwAtSMFjSApblhIxYK5XZUGJVD0ESME1EVHTBDAfvQU7qEZLW
7WHb33Ix51o5eeTcYvvG0mxqKehx+UgY77ZogrPo+0LPxP88Ws9rIUTh82FLcJaL
ALW49DxDSH8z0JrFvukcKiDngSNAiQivBQR7n7m5nXw7ggsD7KsS/mgAIRrym9h6
8a5s775OkM6fjFWLfZtKE6q+OddzlRRQ6oEeUGmWg+E9MalZ6DSxGKrmBr80f/LW
IcwBlfP0MEP1T/VGmXDCr6dxh6a2Q9D0nZDch2YO7BELZBxlsr9qQbp0raz61tGM
DFYBRrBuDG2Bo+H8aYa2kXwTTMNnbCPp87tLl2nMs2M0HNmxTJ2y7AHLhtWN/qiW
lIh5n7JuFaTHy31qjGHLOo75pluJu31YEs5x0Y64HxXWn25qA0ql6luXenTmbR41
ceKzRJqwjEy1bfBjqJdII3NQHt0+2bsyzLLpdtA4dQF4+T3eNFuXIrcS9Q0TdfO0
u8uTBKwnTLHilZv2U99yHDXPZEf019b5S/Fsz7r4KYbUYReg2RsRmY+0GYk+zcHp
oIo2hq3NCqY+aQWz3lcB1YFBvzzQoh+EncDRc9KpKQS/2Q76McwAXDKI26DdVyx6
39WZqtbe3ZK+OPJpBR4/BjBBbKLyyy0tN5kj1wVUjjcs315k0p8tpPOxjgmuCqcr
pUoU1EWmfm7EHpXUvQEG3571sLpKVvB2bRE8S7qbFsuh4CLZ0P37/dWPF3JvmQIA
rDsbW4+vISJUw8k5OHMyDLkThKceD5gtHDfpeGXR6x0oOp6+/sf2PzuyxMHGfuyw
78INUtD4iwAGrb8XzqMnYb8O5tFL6jRHsMFrp4L8rLyIVSTqFs993kd1fmSr0YUF
OJUF4iXMaR2BvpJbDdEvb7xonItyDqToC4/DzMTMfYBAZ7xufZHOB4N++x64l0FP
Fy0XTqiXk4PrdBnQA6LB3+jkKuh+/ARl/cy9hZXwvTUAQNlF0F6vCS1XmEjPqzMX
HvXTg71oUO2v8re+yB/6whzCdCE1ri5OJdVQkPK12VKLHTNo+yPFCuc3eWisNSLg
qRpXtebvg9dkl3AJKwnqa69lrjv/0FcNfxF/VxylUx7h0i5yNo+SG5M9RZ58LMFD
sq7orEfUhrTqfUWvYWJy5S3qevw4MsYrGThfFjn2RjJTJSD3YH1CzGZD4ximHelb
DI4QI2vlNhrpRnDRfE/ldeYQlpZzdbXECdIjmkR/7yaD34MAgOLjciYHtexsDCr+
4Vk1wrhf0M8HxnjCVNuI4T1W+6giIlGBSHs5PS6yLDSW7asb5exZhEzMj+VQyaCi
O7o2ivJP5iyfQGdpqBPClcnt05sksC/xvj0B9LiEM+x5qrJfaVmG3MJy6vd9HMB5
YxAAvqnzf+kTOeHY8FUKWjLFOlDWb5Usfdnt6iU/YffdgNSFyaW2yi/BZmiMD+j0
IufgGkylAezzhAyAfoaTUutjhO/EXfdnrGHcECiInwE5H2KqRa4bN8RIFri4ivaW
2L7ISqyPACv91EVcZoNg3R7EsBH1bT56WEKO8G6bLkcC/d9K4hEQts0DQhEKV2kz
L5NAe0MbyXBIBoTFC8CAQ1+BffrbIHqg6Aj3iBCVJ3quzPXm72jZi8NUr1O4rYrK
+98QccjKZcIEnE+kN0Z3aG+ZQP8mxXQCrEnd4rCkDnAH+K5V6jV8Y/yZPpKxF625
xF+jbHJKz7UT1LBGlnYJ+ys7lhLvfuoNf0M4NQi8HkRKTfzWecPf4aCYKa4XyvzK
j8Roe2rLik1IMsMrzIX9tz9KHzd/SZfUGnOjPCYOhaDnNAoP16yd0epH4NHuUsbJ
0SUiKGienevft1U78M93PZk/maJ4XLMi1nDpAWXyzPoZdBoKtx5qn6l30lDfy82D
jvyS+Tq+e0p8n1dX0kpGywdfzpS3RtuwUwb9GYxIP1rptgRq4vXSjyLWL4Ar1J7n
x6OjAGaPSEBcXPjZ7pMia+IWW7PNqoHcMCPGrhUenmN1CbvwR/SHllUFmyJqsog0
xWPxgZuXTwWMeD4vTriL7XMmO58/tIYre+rEWhWQLDAwMaTFmRvfw+aBGEwJktOe
iiQ84RkUD4wlV/eSGKOPhkmTlfxt1m2NXsSRNsJjWrGjo1eq48msjuoQTtoQOfKC
uLc96pjr1BfZu5h/ntyG2rExZKi+9Nh92aBYQmxE85JDY4snHWQdxVdtItG9kwOF
+tULQ5oA3oKaCgz9m5gwXoO/s7Q/JONibMSKMcbflqccaIyYapvsnSFnYfBoN12a
ljsJgyn0UdRg36fR/KSc87L+zVgd/K26D46r4bCqmzQnWn0wN9yQ1EVn2JBFM6Mm
9R0+6Zz2nJIrCMFpNyXxn9CiWtGbz0d/zG26KdGBBfQEyyUeu2FPepiAn37JbHe5
SBB3p630/1UtyIp1cI9Yg5KmX6a/qBai+iTeAdToxPyy4FgF9Qko2m/FvdX8utnK
Dz7ZVPS71f8qOjV78Uc5kmtqo8xsnOdGDYlD74N/8svD52Q5hzsloK2oOXjrO+I9
7uwk1GaODHkD6QCBsSwxBRJaUgjIK3xCFjwRFHikdDi6d7paL8/Pxu8chnqdN/uF
42IBP+5MhVvdP8c5G/YIo1uh15AygClHD7cxyLXl+ngxQz84uR1KI018UKHNTAZl
K4qrksNKyhdsTU26u1eMxdOJE5T6kWRFh1q1xlPE+BT4A4NnioFJE3AN2bWFdup6
qcWdqwf+Iemea+kFYUd/X1n50mSGxyqJhr0xbla5FdyrIdCC9+kzVlXaGuQ+B0c5
3/xAHLwS5sJKqu0GT8+JN5gs73DjC6dgNx1LQRcNroAhNvaUUBlpVLj6DDGrhfpa
LF+DZYLYoWligLEY5RkTIpaJeCh3YLgkQFXr8CeLkCaUi+FniJ/898MOfJvk3R09
uwIVCIqX7wIZdhRY/cnVerVnklV4vCHLRjYgyOPt31Q5idM6MzGx85H34Us9qdW7
CSF2hjlbRCdN6lq20bvUkf1XoBir3rSyZRiKxClGlEla54KxBqbe/KketR49w2GK
cF/1/6TyrQb0kcGBYe94KcGlK38U4BUh6PgdWq8X/1Frog7cHcvgr4iVz7nhv6xA
ZZHvCof1JfNE5+7S2Xh1xhj1if792QBBODSW1cbcsBghwIbbsfERdPwXojnMYRzF
ChXj85OW1gmPzfvWpPodzOpWdLO9sKUTPVQuG6TJBmFiiy1I75B70M5J95tDqaCV
t0QRjD0aqimYb4eNYivC/TRsQztcxG5sA6U53Y6js2j56MVo5MmhfDuBVqR6QKKg
lc7ZwdGe6UPoDW5vVSMrnp8Do6mf9OiZrLD5OSrb2F9S9fhkQWubxpf+iik+t9Ub
2sAP3rMGs/Z5XLQgiDIvrBoHoo80NWMCQgUfjU2jeJemMC3lJWay/1Wh1SpHcWg2
9bW+KvzAnGMOXsZ0Ikf9Vcr08YHesoXeekRx78w3uhVJWenNtCifD1LwsyxsQgdk
Bz5TfdmGRCbf3fEcJhVvgx3zDfkgmBj0QEI8NTOB3RS0T3CTUjjVN0wM2ykvJqUL
i0UxwHd43loD7YogcJkLWy3UY5AEQt1qD4eNc5aatHgkIb7Y8MA687rZpaK4DQEt
F+M4MQO5jjAIyTtGw2cykEtLF/rP9ttEN5ZzBGe58F+Edl6Pri8v9C52CHBCabxD
E9MtfhP+HeCT7b+spLUzDz1sj5DFOt5nVv+g6FoPR1LHD+3ITGhuqUW3E56qH5z2
+fathfxJfgBtXPre3DCHVlRYMQya9FmLDRgEAnh98yI7YNscucAeJI6vqcsJ9o3V
ctYSKZaE1FBITHxL2zU8IBz2Zr7iwKU5XwjIeFRuPEpqriALD3a52C1m4cw8Wcj2
Ywbo5OM/xrbAVeK+NDFk7FhOS3e4sOiPCIRZO7PdnX9N6Yg9JTZx/i7QIuSTORjJ
3lasI+LemDEKO0YRep9UgHxcvDynmmDOlHlUaitXg87byjRxkqfjqGRV3BO1g9sJ
/z2LY48Ty64h2ZglBH85FZndbQ5NJ2RBbcPq9VJfmEsA61Cb4bju/ZjOBq8m5Lvz
p0XSZ+zHkxFMkO/OWhlZmdB8N0PPfErqSIBltIuZ04toQl8lHd6yg2w5eTZFPxTl
BtjeoSPRmqC4Y1Uk3/kEVOGFKNyy3sxJaO+qneuIQ/gZKrd71Gy6dVJhm/s2ih3y
nHh011SIrLXIjjTOfrXoicksTFRZItCqZrZ2GkGjyfoPNb3fc+jf8MUorvgGqbwI
JUwaksgJlfhe9Vx/X+VfEaKuMjyYsxN2MwrqcXtMPNyePxGexITsD/UgY5QrzgWT
56VFCNKIES8BWnXWy+R7lR5XphFr7XIpSC+crrR1cJv2AgwC+/7FxXp0MoI70Olf
K40/FcckNY8D+7C9zawcypD0VbCCHP2ArJGmzGqxSDxy6yLTQXQ5moKlxS8TuBbN
ju/JlljJ+FxuYDuNHftfYSZyRr6CUj3rttm4g8XCqfTf0H5MsaSUQBlk4uo50QP5
HT/+GlVQrer3WA+U8mqb1maqOsTAVOCwyVHYutcL9k9uR6ILyKpTjtaLKFc9gb+M
w1v3NnXQ+sGK/Jd6ojFl9EaQVk1IVBUb9VidRrtV4SNf08uF3KD71By6YXBb5KR6
AuEs4hF1pAJh1kqJKtbM3KVBMBBx27z49zF6EuyCjk1BOY1lVWN5E5t9Nfnsk8cB
vg+h7J0M+mv+Ebp/cz2R21P8DFR8XdcpFZ6I+a5CxIkJsRsifB6+uYcA8LR1Z9Ut
5ryzj0rRcKs67LojhPerfVLEaMSwo42Sx/dOZoozy37+zY9KCp1eno3oTkhA5Fq9
T0p8VNGCS/hyIu/q2gf5uTrwMbMliTfp4XHto33UySkc7Zk3HSwcCF7lKYZbGoZI
vYzW9Xu4xL/w1X+nk3+h7vaTU0nU3qcj18wwmf3ELdzdmaLxtQhYNa6Y94MSuil4
JPu1O4zgwAVzxkATDqoIto1JaWLNQAOaL2tk1Oq0bJuHrrVMBQv0m5RIZ+ZMyY53
spQaynufqbOE2Eh9z9mwve34vel9regRUy0UAy9FKgyeiXWSneZgOxwzxE+WsK/y
0he0CZtr2+Ve5sFWNUZu7KsxEFwzI0X9r3QcVSM1yPGSahXQzDNEGIkhqYHdP8gB
oQ7StH8MxC22xE3bJRfUlBNUdf5j7sjOwDNCTKBFkBt/5IK5QB53TSYj7lJrh666
G/0R83GTf0qJzmURV3P9sqQeHR6JTLiCJUzQ9ef38SwHIdi/gLZhrwEw645CC0eC
Cp6UUfqVRRD2RzKlYDrru7fFlKLgsSUUC0Rdp26DbE/Bo87cNyBjS8WUXmu4pntu
ebG9Pq+1gsJOu6q7e7ovcNryUSccsEMbz7BPVtWXkWeCY9p71xmv4ht9MJhzvNLf
FeI9NLSJ4RjkgpegjhVaE+arqcN+QAGN7DhWUU5H+OeegWbX7BcD7CXsSac+ibXC
R1RZbo315stP78w+XPS0VCSsKWbFtq64DQ6z/DxW9ucHKlOM7SF0JBqwg7ZrVpmr
hAREmqWbdEQzyXpUFXe60/fYOoNs3fGZcb5IfFhb67PHaGFaQ8s4mpukODJM+pHf
l10GnCT7lvebyUtjWuVPuYPvRC/ZpQAxn/ShLKoMOKfrhYXtRnPpd3/8R3wJFYBl
xYy57gdYJiGbRxdOHwGdedDRi9Du0U8bwAcmaJBh1V3O3gPg1jA1elkdUBTS2HfB
tOe+SC7mGM9po6CY/7MJ9XIOACbhghqBUevUR0Zud9xd+Jq6rxfhO6Z5cSvuz0HS
yYjqsdgVN3x865FbB78P8iPWZF/TTp7qDXMh12eO6C5xqKUsFISPrOOR/ZktUZ8p
ONNBs4aBedQCUNbEW+yFfX/w6Pm/S3nxUpyLzhWKhhjSihnssUW5pomzUxiNiH+G
ZLljFKMpbdnk+NYheRZ4vJBKfS0dfdw5mq6ofWuG6EKEjZsVbl5VI+Uu9aYj7I07
tj9Lpt9iT3Ktuz0dxP02DG9QhvKj/B2Wy3lN2wodgnB5Ur8p1bMAT2Lt+ZKpXQ2O
mnNxTZoPtAN3AJyGoGuwPRXb12Mihd+DT2q8jXaX0xQnC2CJjMKpdbv6xOXYDG2R
L2Z48sOo65AnypAKNVffwg7AHW6ojPpyeZls8AqJu8OYprGV2bN/J+09rQ9IABOr
fqvUOBXg+sPrVA6+t9fRuwDZpQT5jAe2n6pAtfaynR4rgHLjHSW1vQ5nfZp0jZXL
AEL8BHXoBW5Mwh1OsnlvKw7bSR/6tTjTIbt+vYpxWNMMFUb7SxIYS94VBBRCR15h
qT9gV1B0bd1HOJHfpavE7sTT6iOwCGbCGzQV3699WZQnSRR0y84+2skvPWXNV6LT
Tyf4pJZWHWTh1kQm+ETkn7KTRl0u2QTvU1YHlKUqCyrA7MYJcfWVroQglt/7gm9J
8QvFQAbkDHX6zPOhNtRQkpAj/tKuKow4A8SiMUZL7bvXoaZ4TwzmMENcWr8jZNtf
40hHSeyx70Lih/hdTfgO2PgYhaAjfRUDZ922utEqnGj8mHbvjpLFU6IdHYOC5A+U
1hwzcU680G682IuqP0wjM7a0K8SC612fNIkqWodpR5sriZW4p8GBXS5Pa/ahkhqp
MTAc4nhRZUB2gI0zoAHymScFOx1Nx6xe4Q5AWM4UxZJccr9zKPw6TYMnr1YfyML0
tG+ROOSvg8ElC9Fqi03DG/7W6C3Qgk1X3r93mZ4abeGklzoH3GXy/QKsWp+6/Mgz
QUd2QSHsgksJY+FNKsxZpWKyx9TQjF5z0PehrnQr0dDvaxzM4UbBJ6Y1I7U6FIfS
tiKmIJZay+lBYi2ZDsOBa2H0sZ9dBvzBUuNfOutYt0LUDeeIFidGJkQy0Q6pBbxh
BAX/UgpqLWgn6El4rMh8F40k1w28VyaPFS4gzM3ycZ09eeAYks5yzgJCdvCn0Pf8
CvBDEJn7V2SrCKoERD6Rw0IgEW6hMsGnC+3ewiSDXRP9dCCkjecjZ3s9Zrjb9VgJ
vbjRI4meenRvpu7lAhnKT66x4RfyNUm0Y0Luy7GzQ8J9IPxi2mPKxOLgLBoGCJrL
IEFbG3bpixgSHaDLhdmNa52eyGvYMDbD8KpO1cCy4sKt69ZHKkhk4HOcR3w7nrYv
XIhfwBjPRDWOduIZPyTh6z+6yJNL6uAEYtWSL3eisNI+QpHtIK/OLskgRhPwIkiD
7Z+PVKeYgjEKgjbtx00S0WVGin3IO/JV+KvN/p54ivK8bBCXMf8UVLbXdfbb1+u9
FJGdtypyn58CfczAyWiSBGV9wNtnCd1fdNnz9ELUujf5U6DKO8LbL2zabntrxC/E
/S29wC/PfV+xf/L5AhhjzeMbr+oSRxOHFq46IZP74LcBEdzDW0Na69TzzINMyzU5
cd63rEJQLWctAKrmHTxJ8daUHWhmSZjv3nWGSziquM6R7U5XgYUWjxiAoT7sv5Vz
XkWQ57F232fYjwdRBeCuggDMZfAnI+oyEKs0Ef2rtJrhyZ7+WXrfhsejHTMvTyFB
oYAW9litJa+v8FbDIE/RdGurqdenawRJdfvxhIBzHDm4MUm7RvtP4rgam1+XE9to
oLsB4+/LfU2NHCWHNAQP+3OeGGXg6d55qAue8L345fmaQ186GDNOrojJlYmDH26O
AuJ4GPO7qmd3Lu90vxDqyPQPvjB1I6z7YYnWPOOkQVoBBKHj7PRSYI/b4p0YGK52
oFNkE5Y1QKIPuNVZAbFLnVC4Ipyd7TsA32e8wDhjmkRRzH3Uu3Nj6DuADzn+SQGi
0QtW9EBOfXm8dFmPrXnK88U696v8RodRrWwyQr+hdB8v32gyyOeP7Ef4KIe3R3E8
XO8zydauobNasu80vqpWjedRJQL8L7vIvGRocUB713hUT4wsjcs2sZzBG8Joyloe
iF9TTuvlAkBanQseoImqDWXHVOj62OPk4h6sz3gDeMw0EV49Tcziz4aZsxxc+A/r
mo1yPTAACPugN60aeUnhJ3qu219MqYFZfwFuUHGzqguQsZCHigoDfOToICxRpdpD
TN1V6N024LqHGHnym17pcuPhGddO7xfRbqtDkty0cs+lze9ouBzgrEGD+vGKj+pK
Wft5MID89Rd/HpdwTxtomrtYI0N3MsC5lEfmwmDNVm7yGZzspPOtmdzA9vPgKsMi
Ha5SCWwInb/MiSlhpWP6/YVn6TJ/pV6pIq67aSBCgHPsQ7uo8TDvdFXG2Qh07csh
+OJXu1Iqj293oJimEl/vmnb8jxlPdk5epYPAZBQq3Z5HPg/T5hBvWPKEHgZ+qPoh
1RORRZsL3fN5vt5U2eM2Ff/cNI+FwZjfP3eGAYZ0XYUadMRVW1z7mlAHCDMJ8pAT
dpBnBOAzdb4eGsO6gkp4TU1SvsKIGpcaoo7tG/0ueIo9lOmuN8k3sV+sHaCTPU73
ShfKVrws/N7ts8aTe+CqKhMVAj1a0xjVkiMqfuoLqiv160WZ3pKOj1xEkCLHwg2i
fdbqlrlFUM3cMU5aBWulJjeHrZbChRinu2Tz3RAK9P9droQhR4t4wSPARkkHssQM
ACPLR5mlDM5ZU+Ycf6u+PDS4P4z5cUe7aTZi1/Ks9+0VCVnQpZoeKUaLLST4vsVn
sRBxIx6Q4cmPOSQSaQ9V+svbupMTVe1A4bybiUEV3Tf3xn2UBSvFVZ/3xH2qTtqr
cKoNjG09NxfeIDtesF9Lxo4Z7oc5/vd332UDdqKDeocPS1owGPow/E9mtUa4PoIy
yOeD+wDTcZIkdz/YXdCMWEl6DfGapmBD9vlad4cLd24Tpae0F64dyEwaVAQjNU3v
hkjwflKtmbxyhTe71Jt3X7eF7sVYLXdvkcPp9Q3Vd2DmND9516nsws3JRqNBTx82
9ygOrutGI/DJm9rukopYsGVlsXw0m2AjwyAwzvQIH0osP3RPBM53fctcDqCBSZjf
9B6vY/Dm2OKckrise92B90TE1W4N/EjRWe5E2bPkoh6ShlZtkrG5VVaMLcELm+CG
eDl6Z5qZvh4snCML4T7g7HcPHn3B77wa8w9mjwNnPwDadJH8VaZViRzzmx1u0g+U
L5g5TdJrzvHGNrr4qTUamBPR/hYbQpEPvOaKcSOv9NcEd7USK6qTeKkEwj+ptp9T
vbf/ZfuYgCUCCMd0uDwmdxCLdEN+/rt/v8KZ7Lhjz0eNhwNo/aVU+BTzophnWv5x
F/48U7jjRgeLW4Ykw2cDhAiF8gyH7HdZV0Df94KWdO/48kRKn7/kCikuSFEy+321
WVgwDKIee3aqx+x/V4uufhq0KE6ZFe6/S1hvx5bCPKM7aCoTgycvUT2KMiOTwA7p
K5jmH0pSa4ryUmNuTQLl5i9wbbmjxboeTZUYlT7B+XP4q/JcAq11B6IqcxO8WGeq
7nImmbFHL7bt80k67Lld/xgsIssnChCkNz88+9Xb0QgYTbZ49l/+5LamYa4fCwo0
RgF3h9qixoIJpdOi5kD8HrjabWoMB0nHhraJ/bZ5UeykU312XeVwOeQWZTfU1i+H
xCOdYC8xmv6O0LhsTEEGT+dU6wpBqNonX2mdL1d3doqca5zAqCn50f7ZksPVExUa
fWRl3CZ/fG/kX+K7kGk0pYycKAMCg82pB3XI+UL6qSvG95QTtoSBOejP2rHALlue
E6Zk7Qr/n1cAIkeNcey9axVxD1TDVGKeVIWVZKmt6J2tLdoO6BbBa+w/07qwN+TD
70TC4OqJLaYs57T1Tp9F+RgR2l45wnLMDk2t8vD1kZneRZf4t2uV35sMIPqK7IeM
NyEWEA0fKZqE4ysqtHH/PoBAiPsAPVTdPVQkei34kWpRcqr+SA8BFPpFNcmOlakZ
aBjYaiptd84T7qyI27dGdqWlJRiqu2NC5JeqMx18PyrfW+1X/jU9aBQj+o2gZ/Ge
HYxwH2+XzmjlDJfK6jAnda4rYx7EyKskpgqY5CrSra6fm0P5wpmsRJFY0Ykzwsie
c3p23UE3Cor8dLH6FBn9+ceZ8u0KRC2K/M2GiiSJioYRHaqLeVOjRT8Nk5Hfmuzs
Dzms+Th2Ad6TYxKH1Y6duYZXNqcf9VX2Z0fx5zR29uhn2q4WODyEIu63TuLokolz
rBjso31MEN2JJ9Bb6ATkd/mfNyyio5bOGaqXICRhaYT89x0xqDi7m0xWLXcnCOpc
YsxuqizbfPaWgmmy59kDGGDWrvYS8IZTQSdB7t4KPB9HwhnU9MwzkCtF8VB8VSty
ygVjeexRPs/avBaqipWbnY82UdTPKQxjWHHJhitywf15swEFL6JwDxQRUmOTCLXH
kWTamAZrSzwwz8HvqXZmhex0ARJC1nGvxQ0l1AdgxC3XCg3XqO5/iOEA87/AApNc
T3GciDqbA9eQ9r0JjO3mA6NCldOrzWEXHz/7pq4FQOroEiOfy3ZixAwC7LTLIj3G
AXK+e//D9xh+nV0n+Ds8y73W+wcxawguX7bREEjFRTZWj7eHpLg97YawALdRSLtd
FCQIn9UK1qGACbecW5pu3QDxYYp4lCCUStlMjh8L6x2qbvNzdeqp+Rv5sbZ5SdHn
Vvz2msaBcnBB1eOXY7fVmy4oA5sQUO0x8dHXL9pfbfj3G93PhquOEqlaO6gspRr8
FP0O7LrSf8RdN6aaFbHP0v0hdvwIvzA1twXEhXWkFu29w3XgXGMQNPYCwfSZLI+8
orUYvLtqUwJrDIZw+1Vpg+298xO7WhfTA1lO8ZvNRvjQj72QzBp4K+auoPh23t7K
uwYzeA/o/xOqNqJL1G3z71Y6X5k5cKVVnOyRp9xBRjy0Vs/HZ89CQLjrDIZ4CAsa
o3y350D+vKClQDuFDSgYH+CVySqIF5Nnid0Zjo+twTPjep2h96jgj0x08oee1//q
vbJIgNwP4dW7Al1q8XB97N+DYYHxcPtBMwjbwe+kGKPevtXm4AvIV9+303vy38sU
V2zW9R04GLk5K84UhxUVUKf5lbVtOo+mry5MRJicCX6tFCJlJ4dQltf18FA5OYEr
CymwskisBHDRm0FTZW2HcJS9Aazl14pW4V4HudMmB7qePVuZXvzpovf3Mzal/l9u
R0Y3Eixf78TTSU2VlOjRJlVu+v5BDB89IUo8Fq+CEhIcFUXsQM+jq5iY1QnrG+XU
HRdzrw6ZKIJ6xlS46dAbU2NMjT0njfyfAnV2YmyqlT4HX1r4EUBiKnhf2JGPqstf
v1pgiqjca/WcIBmmYR58CS0vDlIV1nigK41sxF/1LC6WmxVq0xoMar/QgvRY4Lo5
7rX07gw9ES1fbpavPu47rnr0OZor703Yds7osMX3MgNyfdWekB2FyOsj/kYPxrZ3
0fBnrKYV22wx06m8QKOrOVR8UhYY9WVE1UAsFaavmQwnv1HhUkX33Mz9uAs8qQBD
0TDwLAJjVJDKf7yYQh4UIEclcwRGkz7I0hCcBGI6EnQI4+qtHziOXgSm/CwhvT7l
BcihjzfztPiGsFITGAyPNGBiO+jjW6w8+kzM/EPUNQSdwuXHLqLuhTMPezO7VP/9
jr7JsQ/GZaPkt+PRWcXkdpBXaiHhYtXxAmBmOyq8Eq+RnuYX44rRy5opwdtMhr9E
+wdNn2YHSIj6n54RSesnIr4dyEHug+BUwCpjzYmsmFPlZn12Z7N/T1RyPPNW0pWm
4zAJMdROSfpxUgs11Kec5kTjBp/Dy8isReQ4amrKvSU+Cs8ltJH006uPGAU3RdOz
cnUMnCuMqqFtwjdeQ0IbZGBUydBUi41cw6f8Z+xX12QfqxEHa8LAtxrLMjZjQ/KJ
tJ3Ynqm2MxH2r1Um3/HTQ5jSAI5Fz6oDFF4025KjyCf2kmXhD/qncd7rf3Zl+noE
oagAFwtAYY5SK2hAVi7zb8cmssUHTE7C5VeVJPYk7DgGlPksEE7Zqq0tXMMxupFd
MeoTcj9wWeWedgUINfLNF6mhxnPDk2VEM0SSirt4HaXWhNJwp1N96Iq7KTPJZoz3
+lgEzHYV2UIUkrENmsLsIfB3+eL9fMkSGBQoet3ZtCX2TE09kCYvcqp+RfnoWqng
fPMLkAHSGHlIrsj+E2xkbUCcxlUtO8JSj9t4rMHCVE8/8AG8SOPChH4b/YXxzIIz
9JXxZx8GWz6JWVmgHEEwhAMcibaXluYU9OgfzzoiP0aAH8Ikhzi1TEm7CbLXYRAr
Jdb13R1xFGNOmtIE2ZuyjnwIMq+TuCu5+Sf6S5dt17yoCN0ZIy0mq7wL0B7z6HeT
5fHFWp/orSlIC9+uATUtYbGvGMGau7bE1x5FXtANmKlemsel4eNO9Psw7enyL6qL
eBQre4vNCYDI687iwHZtM9zB6lG6W5U2XANvu6LpLuEUz8TmKClUuEjI6kzYAS3B
NJAFLIXMbRiOD3Bhkmt1VfxYeHnqXas26bun0TGCBHO3vihUZAheHsdMmwhCsak8
LkyAhkIRwAHEZ9ezjkff80P+S5PBHd+uyLjICxxbFiQBJsLsDJlEm+ovKp6qCmv9
JkSJ2N6/McWiC0i/VNtgfQWThZiWhI+JtgeGuqNEGX7P8B2IXtagEbZA1fSkKHby
m2tRbBUy1y+T+drgZH6ddAJQHIoRcuhIJJEfzp0K/C5A1gEfT2Ye6H9tJujcJwE+
qOZJgEky8xARGIe3yY9pVhLyrpNBlG3PODHzRQT/he7aDW3WRxUyshZGVEzAQI81
NIKqPcxKZhVYtWFlrbIik+M34a+FVG6WSXY4wANUf1Yo5X5cuaUumir5bR81GV6O
0E+z2CtZlIfQmLuOn1aZCyWPx6ylgq3Wqd0t1gHh4VNe4cW0EE9tSaS4ZunqDr1o
RCTEiXzpzFNvEn0YCPRAhPumfHQ7x3u0l8i7wZTjlbb7VGDqQzgRWuGZMoZgC9Su
Mx5O1ezn5P8MHzN4rUI6MxBHL046FbhzDEoALSd7QPKV6m+78qCYCBN/JWRxjXdK
nLb990rK54a9guDvywFz5hQExjo3MN/4zIB+XNA9HypdcQlt7rJEcDnMUEWCH+S8
H37Lcv3X26chuO0yTKQ1kT0UTL2sx1OZggEsiFObC4evje9In/qpbloZ6OsrMve2
A7RQNR7/GqSEpeZKqszo9mOoLoezRLjX4NSM7pxOlKuQ9vsSnUAOz5oYP4U/3sym
RmxMkvmn19j8LB0x32E+xhMBh3NwGZrDX7jnrJqUPL/6pMNgvoRGeRU+P1sdSN8E
DErO/gPGl5j/zmvusiERpbN5fcn4VFgocDKGEYsoEhlX13RrG97mPg8mEQp7OVGs
wU3qNfisKZLLK1wlYh+lr9JD2AKVX/7up8fCTshm3cl28G0bqGlHlkAEkVP3Ipde
XhsWvvVq/OWLFIwKOgxSd/agHShaSjvOhaEHFBUxgTyEsnb8cHomVfEGQ3yZsxm0
L6KStKI8CWcV/IowifAGO209y7O5r4IHQWQnbkE89aT9eVBNwVIVgCR3Un/0VmZ0
f0eD9tisUSHSNHE9/exqErcp9weaUpusV5PKGXumWe7K4hVn7jCv6HwpUfhfBHLw
VO70iOuqEUUYWXKZsgmn5JoF+1lB++mqbusike3Wx99yCs86d82u9PZIjKr5F8zd
1Y4lvLuJtBFHTC2aL/zPfzY1MAl5T5nFis5WIckbWk6fGBtccdxWfG3U2sLSl+0j
bC7CdSHwQl78ahEAeqW20gmjWKYFKFrTam3Bbh9rn0z0+ezkPAXU9JgSyz2bd11b
i5eo1tIyB84DZrtAFs2PLTk2EwyJ2AXEexQmtkXwKfppFJVjwmQ+e22rzTBt4BQ1
6OlxCN6S/a1jbZeMyHWERnO6MRxIGBGOOYjF+PIrMprzOhuJfIavuUZ1yXoW2pr1
1yonLRIGOEqkOL3Pzgwkwe7v/EHVRabL1u6MO5TOOVPVo1VMAVA4SzjJjJRSipFr
B1ciOr/3K3yexkkMwFHB/EbtgbX4Gpo3wIb4TfwpVhwMxp9eVyiE1AegV5IbMF6v
j8yuOFSRV7pr8T6JhzqdgrWt152sWZhmATouKhWSc0BfsviBvFBUKnxmDASM0kor
3gLQFrY56UPI54elaDZVYpebjfK6WMJjQvFQfXfc6Sn+W5ZaPEZ9vHwBbNqjQPJu
zQVr3VjTpcNXXBXbLz4uj8Wz08RHlU31s+R4IJHhEi8eKkjvVlW0l7deMYpOTlgD
WYseQIahX/w0IEdipZNdMQhd7oKHJQnKN/XyY9AKHt28TxBee8DLPsIQi47m+DYr
6h5jHNfpX8ba4eJG5ly77Cn7AGH70HO9fsd1HlzZRJ+RsbyiasXt4F5Zo77h2O0Z
8+a2VGhaXxrwii9c9C6wCbLSICuGJdL3I5dFTIARqlj9D1f78SA5ui5slQXXwbuY
fGRADuL2L9DdnSx8JHk2ndOWKfab5XiXMLGksDcoYIiZeyi3MUxdwIhaF/jvNvdo
3/YNmdKtb1hHGvHl3Krb93CXC+pYPzYGQXp8AbbvwqhPvaM5cdpfKSxKGPMdMpaB
MheteAPQyAA2/JkKqvOeSyUquNvURTlsb2jN6leDfvZ2YRw+u1aEuK6tM59jaFQK
nKU39/wZzyqknjUnChXshWvXLsYzqCwph5VPhZS5XGiNXRQwSqhXTnhY12VX7H2+
xbgA+UMeZKUxLA0dIrYnXobaWqTz9hK1AOwqZzTajVw+XjYLD6/E0KcgvAL8OmRd
RB5xXnHx0AnEbMbAIHfX76M0eeuYzYc8WojjXNkGtSnGDfJ68A+ZSajYQGH/Nzqt
Tkz7as0P18c2AmvJNtnp7/Z0iwLqEBZZEEmNTHcJxYioi1e9z5By5Gb2FaDwdUvH
u7ZzSnGWQz0vWrp4nKiDqz4YpOuGkjQkUMTLSPO7e+zt5iA1oAYP2tKoSc/aI5R5
PtVgY6sBmU+pE0fVQtxwQ9VLs7h9GLVTc1rjPyBBhnzlrG/uTFggVrSYicAeY5X1
UjG5dk62zsRiBIa48642JuaoZn5nT7aPIxA113zbU37Mian+GeCmaHjF/WWUxVfC
BqaFv9JLHlqBqaKh43naus0FsR4MixD+8L+rRsgGHTcPS0GqkFHjxfL7C4GrQaGi
sd9c2J8X+geRA225vNjmfhntl8yMi0nGLI+o+yROkKKzl1YNJ5KyqmNLmJKwJUk1
iSfI56Hb+xImijIePuX1pvwucVdVTFED+UpR5dA0elawPycAt8Yg3bTagPYVcRrv
ZapvNEW/qar++4YYk7pH8fPhyFT4Jf4MOv5sq6P/pHUNLrCnVwm7uyL1EORqFHxR
thMHnI9rBjPaCEzRbMJbl2SSCM1fm7WvDeZeSWwd42ug5avc5+1fZN8Ys3tFbYef
brXYGQBPr6AiN7GdOmZN6tOJECN4oCkrItjpqmMy8eAsKE+zqEEUKr6EvxFiXRm6
wVxIafZCkh4HVFAKJQEIuK4IGL7tuGFWDeflEIJVO/eXYZO38xizAq6nbF3Iy5m6
EwNh32JUBOJVj4Tekl2MJFhbAuDVHAwCMZqmsRRAmBeSHSPb5wARok7ZiukkON9E
8th1wI5hvY5OJq6oyLX3rZ6di+Vu8vkCnxUk0JRfiBAku+CTIbyhCFzt/raolWS/
SBhUbZpBWRIzWBBqcEjjD0r5SeAGzJmTwMm8dWj3mE6ROyVQPiktdwXZlZl17ZXW
NAYbUaS2WK8N+LvESEsm4sQuNOnzFQKdnaekR/n/NEG6YJL7jEKbRA+svPh3qhl2
NuWdKlBPDeusyxyG/C5Co5ySjD8RCneg8w7lJKL8xEcuDxCaphK/URHLxm8AVEqZ
ZLpTNMrc+C7B4f/C9AV7+s+sIA6vBxWs7Cd8vC9hZO4fEgZzddA/YbXVvdoGAk+g
vNNN/oA/uUgUXNXhe9vO+ubPmVVzh7lwqMlH213fH3trLGffN0BCoexvjQiaSj0u
IOEF4jwVK1+sXeia9ZT+ONeNUZGHah3vz4ZcVl5g+Y1j4UoNdgWZIyELfIbyDJQO
6ASTiCfRzAI+fs3Fr3Bt0SvPm08y5+GClXMLMbygdHUur5snVAQQfNf/nsBqMC3p
2Orfkj0yZVuGWejJgWiAiCWL8JQzECODwTyLPWUJPSRL443ZjT+I6f4EcI38wcui
mzCLLx7wOXsh91QAsGxyM6Lns4P4RZQLfIQCEaeQ0BfNuaUqT1DV0hbcU0i45abl
VKdhc3EeKWHI4k83d0/FCDnAJCrfo99VyUEwGic8f/tIW4GojNwoWClSGsDmVr43
xVYKGKV6TRiq5D+TR/Yi/KmNV+oUsiK3phHrADE6pTk465eXDjucbi5Rpys/oc6H
57cvP861WG6yl/5Qz+2SWk400qLyYKsyc0CTbm48AFT6tQRrCV+6lQSYYpsIE/6s
0TntX+OcsOulsuGrsFYG1pVORcXj6nDJH+tAKng8IWK2hPu0+PCQZ8PbfNIagiRI
jRmvQJqDOUEjXBPxGAq8BCFM4DvM+xVqUshdKANE9fiy4fg1wFNp2aXR+BZrNv4F
RGyRy+Aan/6YC21JoSAfGiLTrgVkUNEyC5WxViJdH8w78xMkBJOgfGjIoKtIH3YN
XtcPDQv9HSuod85avMtZfmvdt76ltnw0tzOz8jfU1I3d3DIp7ty6+un5TIdt4JYc
Wb45uIe/TVpEDBxwF7/PiELNZ93KlhA18KBy+vDl9ScjQ39Ljp6AF5NjTZBHloEa
CnOu3zEqjgbW9TLIbBc/XDItNqSvWr9uJsgOzSs/Fz8rVd+UIM9EcZjltxHays2g
DBCuoq6IfYbY3LP9Kgfd00qA7EhRoh1OLpa4s7HB1sRGihrzS4TAi9QYvO3G0hzd
cSQxgMKBWDJqe5GA0TYY9I5aH6v8J/42no/7chdaTK1cqhJMTfIRyljigLCNbxeZ
BZY+kL2J3TDJ0hhCd+GN0kTC7NrgVr4Ohv+CITUpxhITFJFj4LlX7k2Ghkw524s4
FuI3UBoA//2rjQ9MsM2N/89NozVHBfcaBV+Ewdrb5L1o/ekw0wBNLTZfv4182h0I
vsb/Z36qefHXiq2YuQ0EnJEjIsr2+QQEspfH4/uTNxNM8910C+dSBqphZoWFTVM4
N/0eyIZEiv260IihDgBITFct2T5ge815Vs5tFBlIa6iyfNYcpwzsNnFPVU+ND5V6
a6ty+6Iv/xkYH7jvnKAhBpzlPrFCTCF7UNup53dDIb5wk0EJ7zW4+vHTk3/WRhJM
+3br7Zkjk745A8cOudCQ1SVW5+B7nnJrbIuMkcMQ+gea7/XUJWq1KhWfE6QfME1s
6yAyGvM5EBXWF/pDu7dsDwzgS6juLBE9i3J91dn05y8nDVhzEmd//IzLedYLMQdF
v68+71PdD8xBnjCI+rrS6JgVhduU0i4iHYWbcnXUUZUhOUnRFgSnwih2Z3GjMtzO
mJ8aBLArV+DPQ+n/mJGclvwG81HnFoPPVH3JiOZ1hgCQP0Hjuk679fm3n2y88VQn
RbEApeom6XTIBq5LE8MqUM8cQanOXHJVAb5gkzPMajxuPGGIS+tcwfCKoL4vGXcH
zPV16Vbw5sXy0+lO5KzX2jOWZP8UDX3gOTzaSVhjg6T1kArm9YownJkHJZM2SUuf
iO0SPZZdegRsU+FLM2VU+7cAi02ORc7dFktHDG3Y7EBxdOVwyepmuQn5kN6cnPo5
nWmkjsurll4DxBlIzFLwrdQvm+AzbwK1KyCaqOwoB3nKWWKPwKvzqXpi/OrtjXl1
+BUzyhXkX9MGOWbiX3Uexodo1g8fvBTlpJtDOLAz63T5HLXt6GCk3h95LndfYLEW
bmyG/2bxISk9a2OQUO03P+u4n7IyssnpUfuCyQ4AhrXhelzGcxDAr1vqAKKV5mCh
5hB54ZpK0LMsX8p6yOI2oy+1g9Yzbg/ykDPYmB+Y32aiz5M9Exttu8fQkhB7r7b6
bpaw846rX6CZkGhvXc2nOmqD15Ryi2DaTKPuGpvXeT83/hgeUcGHzs/RuUI6Hleb
70YMqYHJh+lbjpLLrtjMCeRt7oW8J1xp+hv2ywayWx+77OiLFgje7apjvugjcuva
1Il2myJVFafRhWl9XE4qlABLkh0DxsoeH1RWdvOAbnyoRiJD1pB0PfhqRtLvJ5RR
OgZRz1HLKT5x9oDb/yD7sb+mvHUp5u/nMu4b4KYdmBwr48mTVTCDbR5k71ADlQsr
WFOgvM+WHK0rr+Be/Ew0thgYvowtPBHY4xeoCk0kLHWCt/TpbZ4d7rX6pksA4p8y
L9eQvegbcJ/ewlJME99PBBWij2vudlv2fdcG/v+qh3+xQbhLGBl0/ufBti1iuzBV
MRUr7Cee0wuPWLgMMtClWwbkD0uLRagMoUe0ZA2VP60IPp6JTCxwHRG3iV89QxWV
NF1vQ1ZmrH+uGSoPnkaOOLLT5DIBQyV9u6X/NvbYtEuOY018+E3BeUbYJYp9H8sx
He5ixFGNTENbjX9O02BihR4Z0RscAscaBp9sq6ukyFOfSWa2xPcHTR6jWo/Eo/3l
wbKB8Eeueht5zGGhgOGju4EbzzXCyzFzZaNu7lIpoUa7aAvXYac0RyIlZdn1hSks
SDQ21maSW1pRlh3oKMdtiX1SFwkOkKwEcQVC0FJ6stOm8SqPiuS77gWRqKFbU0bF
XFCYjb7CxtgEpx5z+ue9C2e9CW7tH35E7HXakTEfeEDjSNGdPIM0Ont1Tg9zb+xU
LgdNCJyvx9Ym5Scub10angjVpJFJf9c3n4bIBm4HkYqoKaHh85l8xwq1ZbhaOUA/
Misnn7/gmezqIpeMl1Dwu1O0UoXQqhXT/cRihS4p5lSNAVyHdxlXIQ1JvcBxr4/s
qpsvDNxVZHPaLjSv9Q+Bfa7KFPZXwNArrugfuaTyQV1oP10DcR8R5ZKr8KO1g0oI
lGiVa1+awZX7ALFu1eEWedsPuVAXapgOmEk9bbRsQCirMhTtaxnw9kqRLzw7Srfz
h/kEIH6xYQ2mkkaai+ed/wJW7HchMZ9cv+4wOXChiie88rk2zZu272f/ATZruPg/
d3hrDq7TvIunhxri5fPt71KDT/I4Y2GzLtv1yWts7Y1uA9vdM1k5179JD/vkH8QO
ZX6hivDe49rdDEln/TX2r5vveKkEESNA2qsTlhnvABgDJHKDtVhZ5G8ZOJAXgqvI
L+Q5olNXEFOmqtvaMqxl2oZbbMy36ihHFq00kPaEYoLDq5SETJ3/LIzfdyoXm0xI
MP8Mb3uJdWLkP0rGGGRkPConYb2Voq1rk+nODlArxLsdyCeaIpgEXHiKIjtXOiwK
aJptJhwicxj5DwVHhKFH1w34/jCVDkpNVw71P2T2e5qpvbgbOUhEOz85iWZRuANa
lOhqnBgsV+ok5QAKWfbEYlSCTXf1XnyBRxVzAs61cUFuE1m255ZE
=K06O
-----END PGP MESSAGE-----
