VC:cf32204 BD:May 26 2016 SN:US4300161200001274
                     Time,      [CH4]_ppm,   [CH4]_ppm_sd,      [H2O]_ppm,   [H2O]_ppm_sd,      [CO2]_ppm,   [CO2]_ppm_sd,     [CH4]d_ppm,  [CH4]d_ppm_sd,     [CO2]d_ppm,  [CO2]d_ppm_sd,      GasP_torr,   GasP_torr_sd,         GasT_C,      GasT_C_sd,         AmbT_C,      AmbT_C_sd,         RD0_us,      RD0_us_sd,         RD1_us,      RD1_us_sd,       Fit_Flag,      MIU_VALVE,       MIU_DESC
  16/07/2020 10:23:26.303,   1.744910e+00,   0.000000e+00,   1.641725e+04,   0.000000e+00,   3.989987e+02,   0.000000e+00,   1.774035e+00,   0.000000e+00,   4.056585e+02,   0.000000e+00,   1.404578e+02,   0.000000e+00,   2.621943e+01,   0.000000e+00,   2.873531e+01,   0.000000e+00,   8.471727e+00,   0.000000e+00,   1.082245e+01,   0.000000e+00,              3,              0,       1 meters
  16/07/2020 10:23:26.481,   1.749657e+00,   0.000000e+00,   1.657259e+04,   0.000000e+00,   3.996319e+02,   0.000000e+00,   1.779142e+00,   0.000000e+00,   4.063665e+02,   0.000000e+00,   1.401223e+02,   0.000000e+00,   2.622655e+01,   0.000000e+00,   2.874192e+01,   0.000000e+00,   8.468971e+00,   0.000000e+00,   1.081314e+01,   0.000000e+00,              3,              0,       1 meters
  16/07/2020 10:23:27.435,   1.745190e+00,   0.000000e+00,   1.648259e+04,   0.000000e+00,   3.999054e+02,   0.000000e+00,   1.774438e+00,   0.000000e+00,   4.066074e+02,   0.000000e+00,   1.404861e+02,   0.000000e+00,   2.622135e+01,   0.000000e+00,   2.873524e+01,   0.000000e+00,   8.472040e+00,   0.000000e+00,   1.081170e+01,   0.000000e+00,              3,              0,       1 meters
  16/07/2020 10:23:28.408,   1.746013e+00,   0.000000e+00,   1.640219e+04,   0.000000e+00,   3.996641e+02,   0.000000e+00,   1.775129e+00,   0.000000e+00,   4.063288e+02,   0.000000e+00,   1.404211e+02,   0.000000e+00,   2.622172e+01,   0.000000e+00,   2.874062e+01,   0.000000e+00,   8.473547e+00,   0.000000e+00,   1.081485e+01,   0.000000e+00,              3,              0,       1 meters
  16/07/2020 10:23:29.401,   1.744733e+00,   0.000000e+00,   1.637058e+04,   0.000000e+00,   3.999349e+02,   0.000000e+00,   1.773771e+00,   0.000000e+00,   4.065911e+02,   0.000000e+00,   1.405118e+02,   0.000000e+00,   2.622338e+01,   0.000000e+00,   2.873897e+01,   0.000000e+00,   8.472798e+00,   0.000000e+00,   1.081398e+01,   0.000000e+00,              3,              0,       1 meters
  16/07/2020 10:23:30.362,   1.743842e+00,   0.000000e+00,   1.632103e+04,   0.000000e+00,   3.999819e+02,   0.000000e+00,   1.772776e+00,   0.000000e+00,   4.066183e+02,   0.000000e+00,   1.404257e+02,   0.000000e+00,   2.622430e+01,   0.000000e+00,   2.874197e+01,   0.000000e+00,   8.475601e+00,   0.000000e+00,   1.081377e+01,   0.000000e+00,              3,              0,       1 meters
  16/07/2020 10:23:31.344,   1.743969e+00,   0.000000e+00,   1.631315e+04,   0.000000e+00,   4.004254e+02,   0.000000e+00,   1.772891e+00,   0.000000e+00,   4.070660e+02,   0.000000e+00,   1.405000e+02,   0.000000e+00,   2.622424e+01,   0.000000e+00,   2.873883e+01,   0.000000e+00,   8.474063e+00,   0.000000e+00,   1.080674e+01,   0.000000e+00,              3,              0,       1 meters
  16/07/2020 10:23:32.322,   1.744717e+00,   0.000000e+00,   1.631014e+04,   0.000000e+00,   3.999293e+02,   0.000000e+00,   1.773646e+00,   0.000000e+00,   4.065604e+02,   0.000000e+00,   1.404086e+02,   0.000000e+00,   2.622748e+01,   0.000000e+00,   2.874052e+01,   0.000000e+00,   8.471289e+00,   0.000000e+00,   1.081198e+01,   0.000000e+00,              3,              0,       1 meters
  16/07/2020 10:23:33.298,   1.744668e+00,   0.000000e+00,   1.633455e+04,   0.000000e+00,   3.996812e+02,   0.000000e+00,   1.773640e+00,   0.000000e+00,   4.063182e+02,   0.000000e+00,   1.404882e+02,   0.000000e+00,   2.622599e+01,   0.000000e+00,   2.874012e+01,   0.000000e+00,   8.477522e+00,   0.000000e+00,   1.081201e+01,   0.000000e+00,              3,              0,       1 meters
  16/07/2020 10:23:35.165,   1.745275e+00,   0.000000e+00,   1.623091e+04,   0.000000e+00,   3.999414e+02,   0.000000e+00,   1.774070e+00,   0.000000e+00,   4.065399e+02,   0.000000e+00,   1.404487e+02,   0.000000e+00,   2.622699e+01,   0.000000e+00,   2.874225e+01,   0.000000e+00,   8.473117e+00,   0.000000e+00,   1.081135e+01,   0.000000e+00,              3,              0,       1 meters
  16/07/2020 10:23:35.397,   1.743282e+00,   0.000000e+00,   1.624123e+04,   0.000000e+00,   3.999865e+02,   0.000000e+00,   1.772063e+00,   0.000000e+00,   4.065900e+02,   0.000000e+00,   1.403826e+02,   0.000000e+00,   2.622515e+01,   0.000000e+00,   2.874281e+01,   0.000000e+00,   8.477467e+00,   0.000000e+00,   1.081382e+01,   0.000000e+00,              3,              0,       1 meters
  16/07/2020 10:23:36.314,   1.742933e+00,   0.000000e+00,   1.625917e+04,   0.000000e+00,   3.996754e+02,   0.000000e+00,   1.771740e+00,   0.000000e+00,   4.062812e+02,   0.000000e+00,   1.404597e+02,   0.000000e+00,   2.622977e+01,   0.000000e+00,   2.874539e+01,   0.000000e+00,   8.472578e+00,   0.000000e+00,   1.081242e+01,   0.000000e+00,              3,              0,       1 meters
  16/07/2020 10:23:37.290,   1.743358e+00,   0.000000e+00,   1.624967e+04,   0.000000e+00,   3.998044e+02,   0.000000e+00,   1.772155e+00,   0.000000e+00,   4.064084e+02,   0.000000e+00,   1.404243e+02,   0.000000e+00,   2.622922e+01,   0.000000e+00,   2.874998e+01,   0.000000e+00,   8.474220e+00,   0.000000e+00,   1.081166e+01,   0.000000e+00,              3,              0,       1 meters
  16/07/2020 10:23:38.269,   1.743574e+00,   0.000000e+00,   1.631307e+04,   0.000000e+00,   3.998938e+02,   0.000000e+00,   1.772489e+00,   0.000000e+00,   4.065255e+02,   0.000000e+00,   1.405248e+02,   0.000000e+00,   2.623124e+01,   0.000000e+00,   2.874802e+01,   0.000000e+00,   8.475791e+00,   0.000000e+00,   1.081381e+01,   0.000000e+00,              3,              0,       1 meters
  16/07/2020 10:23:39.244,   1.744671e+00,   0.000000e+00,   1.614588e+04,   0.000000e+00,   4.003279e+02,   0.000000e+00,   1.773303e+00,   0.000000e+00,   4.068977e+02,   0.000000e+00,   1.404188e+02,   0.000000e+00,   2.623056e+01,   0.000000e+00,   2.875017e+01,   0.000000e+00,   8.471923e+00,   0.000000e+00,   1.081295e+01,   0.000000e+00,              3,              0,       1 meters
  16/07/2020 10:23:40.221,   1.743876e+00,   0.000000e+00,   1.616873e+04,   0.000000e+00,   4.008670e+02,   0.000000e+00,   1.772536e+00,   0.000000e+00,   4.074550e+02,   0.000000e+00,   1.405005e+02,   0.000000e+00,   2.623124e+01,   0.000000e+00,   2.874657e+01,   0.000000e+00,   8.474037e+00,   0.000000e+00,   1.081094e+01,   0.000000e+00,              3,              0,       1 meters
  16/07/2020 10:23:41.200,   1.744081e+00,   0.000000e+00,   1.612604e+04,   0.000000e+00,   4.012277e+02,   0.000000e+00,   1.772667e+00,   0.000000e+00,   4.078039e+02,   0.000000e+00,   1.404019e+02,   0.000000e+00,   2.623119e+01,   0.000000e+00,   2.875102e+01,   0.000000e+00,   8.473060e+00,   0.000000e+00,   1.081034e+01,   0.000000e+00,              3,              0,       1 meters
  16/07/2020 10:23:42.175,   1.744127e+00,   0.000000e+00,   1.615152e+04,   0.000000e+00,   4.014557e+02,   0.000000e+00,   1.772760e+00,   0.000000e+00,   4.080463e+02,   0.000000e+00,   1.404949e+02,   0.000000e+00,   2.623174e+01,   0.000000e+00,   2.874844e+01,   0.000000e+00,   8.473103e+00,   0.000000e+00,   1.081200e+01,   0.000000e+00,              3,              0,       1 meters
  16/07/2020 10:23:43.151,   1.745739e+00,   0.000000e+00,   1.611704e+04,   0.000000e+00,   4.014621e+02,   0.000000e+00,   1.774336e+00,   0.000000e+00,   4.080385e+02,   0.000000e+00,   1.404217e+02,   0.000000e+00,   2.623328e+01,   0.000000e+00,   2.875117e+01,   0.000000e+00,   8.473432e+00,   0.000000e+00,   1.081125e+01,   0.000000e+00,              3,              0,       1 meters
  16/07/2020 10:23:44.201,   1.743814e+00,   0.000000e+00,   1.605717e+04,   0.000000e+00,   4.016476e+02,   0.000000e+00,   1.772271e+00,   0.000000e+00,   4.082021e+02,   0.000000e+00,   1.405048e+02,   0.000000e+00,   2.624078e+01,   0.000000e+00,   2.874558e+01,   0.000000e+00,   8.473437e+00,   0.000000e+00,   1.081149e+01,   0.000000e+00,              3,              0,       1 meters
  16/07/2020 10:23:45.141,   1.746602e+00,   0.000000e+00,   1.609935e+04,   0.000000e+00,   4.019992e+02,   0.000000e+00,   1.775181e+00,   0.000000e+00,   4.085770e+02,   0.000000e+00,   1.404830e+02,   0.000000e+00,   2.623857e+01,   0.000000e+00,   2.875038e+01,   0.000000e+00,   8.469517e+00,   0.000000e+00,   1.081035e+01,   0.000000e+00,              3,              0,       1 meters
