VC:cf32204 BD:May 26 2016 SN:US4300161200001274
                     Time,      [CH4]_ppm,   [CH4]_ppm_sd,      [H2O]_ppm,   [H2O]_ppm_sd,      [CO2]_ppm,   [CO2]_ppm_sd,     [CH4]d_ppm,  [CH4]d_ppm_sd,     [CO2]d_ppm,  [CO2]d_ppm_sd,      GasP_torr,   GasP_torr_sd,         GasT_C,      GasT_C_sd,         AmbT_C,      AmbT_C_sd,         RD0_us,      RD0_us_sd,         RD1_us,      RD1_us_sd,       Fit_Flag,      MIU_VALVE,       MIU_DESC
  15/07/2020 16:28:02.799,   1.753482e+00,   0.000000e+00,   1.831615e+04,   0.000000e+00,   4.149657e+02,   0.000000e+00,   1.786198e+00,   0.000000e+00,   4.227081e+02,   0.000000e+00,   1.405019e+02,   0.000000e+00,   2.854397e+01,   0.000000e+00,   2.926515e+01,   0.000000e+00,   8.519043e+00,   0.000000e+00,   1.081398e+01,   0.000000e+00,              3,              0,       1 meters
  15/07/2020 16:28:03.776,   1.755553e+00,   0.000000e+00,   1.824241e+04,   0.000000e+00,   4.150325e+02,   0.000000e+00,   1.788174e+00,   0.000000e+00,   4.227444e+02,   0.000000e+00,   1.404434e+02,   0.000000e+00,   2.854384e+01,   0.000000e+00,   2.926566e+01,   0.000000e+00,   8.515505e+00,   0.000000e+00,   1.080433e+01,   0.000000e+00,              3,              0,       1 meters
  15/07/2020 16:28:04.753,   1.754847e+00,   0.000000e+00,   1.831266e+04,   0.000000e+00,   4.145915e+02,   0.000000e+00,   1.787582e+00,   0.000000e+00,   4.223254e+02,   0.000000e+00,   1.404377e+02,   0.000000e+00,   2.854402e+01,   0.000000e+00,   2.926425e+01,   0.000000e+00,   8.512206e+00,   0.000000e+00,   1.080322e+01,   0.000000e+00,              3,              0,       1 meters
  15/07/2020 16:28:05.771,   1.754857e+00,   0.000000e+00,   1.822037e+04,   0.000000e+00,   4.130895e+02,   0.000000e+00,   1.787425e+00,   0.000000e+00,   4.207559e+02,   0.000000e+00,   1.404794e+02,   0.000000e+00,   2.854313e+01,   0.000000e+00,   2.925912e+01,   0.000000e+00,   8.514627e+00,   0.000000e+00,   1.080545e+01,   0.000000e+00,              3,              0,       1 meters
  15/07/2020 16:28:06.708,   1.753818e+00,   0.000000e+00,   1.823953e+04,   0.000000e+00,   4.124624e+02,   0.000000e+00,   1.786401e+00,   0.000000e+00,   4.201253e+02,   0.000000e+00,   1.404924e+02,   0.000000e+00,   2.854322e+01,   0.000000e+00,   2.925786e+01,   0.000000e+00,   8.513905e+00,   0.000000e+00,   1.080466e+01,   0.000000e+00,              3,              0,       1 meters
  15/07/2020 16:28:07.748,   1.754559e+00,   0.000000e+00,   1.826095e+04,   0.000000e+00,   4.120160e+02,   0.000000e+00,   1.787194e+00,   0.000000e+00,   4.196798e+02,   0.000000e+00,   1.404498e+02,   0.000000e+00,   2.854170e+01,   0.000000e+00,   2.925521e+01,   0.000000e+00,   8.518080e+00,   0.000000e+00,   1.080593e+01,   0.000000e+00,              3,              0,       1 meters
  15/07/2020 16:28:08.667,   1.757435e+00,   0.000000e+00,   1.836066e+04,   0.000000e+00,   4.110441e+02,   0.000000e+00,   1.790306e+00,   0.000000e+00,   4.187323e+02,   0.000000e+00,   1.404255e+02,   0.000000e+00,   2.854230e+01,   0.000000e+00,   2.925139e+01,   0.000000e+00,   8.510463e+00,   0.000000e+00,   1.082080e+01,   0.000000e+00,              3,              0,       1 meters
  15/07/2020 16:28:09.644,   1.753999e+00,   0.000000e+00,   1.822997e+04,   0.000000e+00,   4.114346e+02,   0.000000e+00,   1.786568e+00,   0.000000e+00,   4.190743e+02,   0.000000e+00,   1.405024e+02,   0.000000e+00,   2.854337e+01,   0.000000e+00,   2.924878e+01,   0.000000e+00,   8.513616e+00,   0.000000e+00,   1.080838e+01,   0.000000e+00,              3,              0,       1 meters
  15/07/2020 16:28:10.620,   1.754611e+00,   0.000000e+00,   1.819197e+04,   0.000000e+00,   4.119119e+02,   0.000000e+00,   1.787122e+00,   0.000000e+00,   4.195442e+02,   0.000000e+00,   1.404533e+02,   0.000000e+00,   2.854122e+01,   0.000000e+00,   2.924888e+01,   0.000000e+00,   8.513033e+00,   0.000000e+00,   1.080552e+01,   0.000000e+00,              3,              0,       1 meters
  15/07/2020 16:28:11.597,   1.756783e+00,   0.000000e+00,   1.827329e+04,   0.000000e+00,   4.121912e+02,   0.000000e+00,   1.789483e+00,   0.000000e+00,   4.198635e+02,   0.000000e+00,   1.404101e+02,   0.000000e+00,   2.854143e+01,   0.000000e+00,   2.924782e+01,   0.000000e+00,   8.516211e+00,   0.000000e+00,   1.080623e+01,   0.000000e+00,              3,              0,       1 meters
  15/07/2020 16:28:12.574,   1.753950e+00,   0.000000e+00,   1.820599e+04,   0.000000e+00,   4.120337e+02,   0.000000e+00,   1.786475e+00,   0.000000e+00,   4.196743e+02,   0.000000e+00,   1.404752e+02,   0.000000e+00,   2.854009e+01,   0.000000e+00,   2.924535e+01,   0.000000e+00,   8.514969e+00,   0.000000e+00,   1.080894e+01,   0.000000e+00,              3,              0,       1 meters
  15/07/2020 16:28:13.551,   1.753055e+00,   0.000000e+00,   1.813092e+04,   0.000000e+00,   4.129162e+02,   0.000000e+00,   1.785427e+00,   0.000000e+00,   4.205410e+02,   0.000000e+00,   1.405000e+02,   0.000000e+00,   2.853967e+01,   0.000000e+00,   2.924203e+01,   0.000000e+00,   8.516476e+00,   0.000000e+00,   1.080821e+01,   0.000000e+00,              3,              0,       1 meters
  15/07/2020 16:28:14.528,   1.754028e+00,   0.000000e+00,   1.811684e+04,   0.000000e+00,   4.130574e+02,   0.000000e+00,   1.786392e+00,   0.000000e+00,   4.206788e+02,   0.000000e+00,   1.404453e+02,   0.000000e+00,   2.853991e+01,   0.000000e+00,   2.924535e+01,   0.000000e+00,   8.513732e+00,   0.000000e+00,   1.081128e+01,   0.000000e+00,              3,              0,       1 meters
  15/07/2020 16:28:15.507,   1.756289e+00,   0.000000e+00,   1.819031e+04,   0.000000e+00,   4.135538e+02,   0.000000e+00,   1.788829e+00,   0.000000e+00,   4.212159e+02,   0.000000e+00,   1.404405e+02,   0.000000e+00,   2.853853e+01,   0.000000e+00,   2.924425e+01,   0.000000e+00,   8.511044e+00,   0.000000e+00,   1.080457e+01,   0.000000e+00,              3,              0,       1 meters
  15/07/2020 16:28:16.482,   1.754594e+00,   0.000000e+00,   1.813550e+04,   0.000000e+00,   4.139099e+02,   0.000000e+00,   1.787002e+00,   0.000000e+00,   4.215550e+02,   0.000000e+00,   1.405212e+02,   0.000000e+00,   2.853827e+01,   0.000000e+00,   2.924206e+01,   0.000000e+00,   8.515133e+00,   0.000000e+00,   1.079919e+01,   0.000000e+00,              3,              0,       1 meters
  15/07/2020 16:28:17.459,   1.754756e+00,   0.000000e+00,   1.804022e+04,   0.000000e+00,   4.134329e+02,   0.000000e+00,   1.786994e+00,   0.000000e+00,   4.210284e+02,   0.000000e+00,   1.404756e+02,   0.000000e+00,   2.853698e+01,   0.000000e+00,   2.924142e+01,   0.000000e+00,   8.515206e+00,   0.000000e+00,   1.080883e+01,   0.000000e+00,              3,              0,       1 meters
  15/07/2020 16:28:18.435,   1.755829e+00,   0.000000e+00,   1.806363e+04,   0.000000e+00,   4.131731e+02,   0.000000e+00,   1.788129e+00,   0.000000e+00,   4.207738e+02,   0.000000e+00,   1.404195e+02,   0.000000e+00,   2.853701e+01,   0.000000e+00,   2.923992e+01,   0.000000e+00,   8.516015e+00,   0.000000e+00,   1.080781e+01,   0.000000e+00,              3,              0,       1 meters
  15/07/2020 16:28:19.412,   1.752449e+00,   0.000000e+00,   1.804377e+04,   0.000000e+00,   4.123087e+02,   0.000000e+00,   1.784651e+00,   0.000000e+00,   4.198850e+02,   0.000000e+00,   1.404861e+02,   0.000000e+00,   2.853587e+01,   0.000000e+00,   2.923568e+01,   0.000000e+00,   8.516099e+00,   0.000000e+00,   1.080941e+01,   0.000000e+00,              3,              0,       1 meters
  15/07/2020 16:28:20.390,   1.752637e+00,   0.000000e+00,   1.809794e+04,   0.000000e+00,   4.115507e+02,   0.000000e+00,   1.784940e+00,   0.000000e+00,   4.191362e+02,   0.000000e+00,   1.405064e+02,   0.000000e+00,   2.853579e+01,   0.000000e+00,   2.923557e+01,   0.000000e+00,   8.514937e+00,   0.000000e+00,   1.080709e+01,   0.000000e+00,              3,              0,       1 meters
  15/07/2020 16:28:21.368,   1.753760e+00,   0.000000e+00,   1.800583e+04,   0.000000e+00,   4.113183e+02,   0.000000e+00,   1.785917e+00,   0.000000e+00,   4.188602e+02,   0.000000e+00,   1.404048e+02,   0.000000e+00,   2.853541e+01,   0.000000e+00,   2.923859e+01,   0.000000e+00,   8.515180e+00,   0.000000e+00,   1.080786e+01,   0.000000e+00,              3,              0,       1 meters
  15/07/2020 16:28:22.345,   1.754604e+00,   0.000000e+00,   1.794198e+04,   0.000000e+00,   4.107538e+02,   0.000000e+00,   1.786660e+00,   0.000000e+00,   4.182582e+02,   0.000000e+00,   1.404316e+02,   0.000000e+00,   2.853469e+01,   0.000000e+00,   2.923802e+01,   0.000000e+00,   8.520568e+00,   0.000000e+00,   1.080956e+01,   0.000000e+00,              3,              0,       1 meters
  15/07/2020 16:28:23.321,   1.755765e+00,   0.000000e+00,   1.800784e+04,   0.000000e+00,   4.098979e+02,   0.000000e+00,   1.787963e+00,   0.000000e+00,   4.174147e+02,   0.000000e+00,   1.405062e+02,   0.000000e+00,   2.853391e+01,   0.000000e+00,   2.923652e+01,   0.000000e+00,   8.516051e+00,   0.000000e+00,   1.080719e+01,   0.000000e+00,              3,              0,       1 meters
  15/07/2020 16:28:24.299,   1.755642e+00,   0.000000e+00,   1.792384e+04,   0.000000e+00,   4.100187e+02,   0.000000e+00,   1.787684e+00,   0.000000e+00,   4.175019e+02,   0.000000e+00,   1.404682e+02,   0.000000e+00,   2.853375e+01,   0.000000e+00,   2.923781e+01,   0.000000e+00,   8.513398e+00,   0.000000e+00,   1.080695e+01,   0.000000e+00,              3,              0,       1 meters
  15/07/2020 16:28:25.275,   1.756168e+00,   0.000000e+00,   1.788291e+04,   0.000000e+00,   4.096586e+02,   0.000000e+00,   1.788145e+00,   0.000000e+00,   4.171179e+02,   0.000000e+00,   1.404103e+02,   0.000000e+00,   2.853359e+01,   0.000000e+00,   2.923736e+01,   0.000000e+00,   8.517282e+00,   0.000000e+00,   1.080943e+01,   0.000000e+00,              3,              0,       1 meters
  15/07/2020 16:28:26.252,   1.755434e+00,   0.000000e+00,   1.786562e+04,   0.000000e+00,   4.094723e+02,   0.000000e+00,   1.787367e+00,   0.000000e+00,   4.169209e+02,   0.000000e+00,   1.404885e+02,   0.000000e+00,   2.853231e+01,   0.000000e+00,   2.923299e+01,   0.000000e+00,   8.515238e+00,   0.000000e+00,   1.080828e+01,   0.000000e+00,              3,              0,       1 meters
  15/07/2020 16:28:27.229,   1.754297e+00,   0.000000e+00,   1.787222e+04,   0.000000e+00,   4.099206e+02,   0.000000e+00,   1.786220e+00,   0.000000e+00,   4.173801e+02,   0.000000e+00,   1.404930e+02,   0.000000e+00,   2.853175e+01,   0.000000e+00,   2.923388e+01,   0.000000e+00,   8.518608e+00,   0.000000e+00,   1.080137e+01,   0.000000e+00,              3,              0,       1 meters
  15/07/2020 16:28:28.206,   1.755987e+00,   0.000000e+00,   1.791918e+04,   0.000000e+00,   4.121138e+02,   0.000000e+00,   1.788027e+00,   0.000000e+00,   4.196333e+02,   0.000000e+00,   1.404092e+02,   0.000000e+00,   2.853133e+01,   0.000000e+00,   2.923519e+01,   0.000000e+00,   8.516053e+00,   0.000000e+00,   1.081027e+01,   0.000000e+00,              3,              0,       1 meters
  15/07/2020 16:28:29.183,   1.755372e+00,   0.000000e+00,   1.794074e+04,   0.000000e+00,   4.153146e+02,   0.000000e+00,   1.787440e+00,   0.000000e+00,   4.229017e+02,   0.000000e+00,   1.404402e+02,   0.000000e+00,   2.853041e+01,   0.000000e+00,   2.923270e+01,   0.000000e+00,   8.517932e+00,   0.000000e+00,   1.081021e+01,   0.000000e+00,              3,              0,       1 meters
  15/07/2020 16:28:30.159,   1.756012e+00,   0.000000e+00,   1.788997e+04,   0.000000e+00,   4.198524e+02,   0.000000e+00,   1.787999e+00,   0.000000e+00,   4.275004e+02,   0.000000e+00,   1.405057e+02,   0.000000e+00,   2.853114e+01,   0.000000e+00,   2.922929e+01,   0.000000e+00,   8.512835e+00,   0.000000e+00,   1.080806e+01,   0.000000e+00,              3,              0,       1 meters
  15/07/2020 16:28:31.135,   1.755455e+00,   0.000000e+00,   1.784291e+04,   0.000000e+00,   4.243150e+02,   0.000000e+00,   1.787346e+00,   0.000000e+00,   4.320235e+02,   0.000000e+00,   1.404858e+02,   0.000000e+00,   2.852987e+01,   0.000000e+00,   2.922729e+01,   0.000000e+00,   8.514117e+00,   0.000000e+00,   1.080323e+01,   0.000000e+00,              3,              0,       1 meters
  15/07/2020 16:28:32.112,   1.755491e+00,   0.000000e+00,   1.779297e+04,   0.000000e+00,   4.278845e+02,   0.000000e+00,   1.787293e+00,   0.000000e+00,   4.356358e+02,   0.000000e+00,   1.404052e+02,   0.000000e+00,   2.853031e+01,   0.000000e+00,   2.922863e+01,   0.000000e+00,   8.518388e+00,   0.000000e+00,   1.080953e+01,   0.000000e+00,              3,              0,       1 meters
  15/07/2020 16:28:33.089,   1.754405e+00,   0.000000e+00,   1.791097e+04,   0.000000e+00,   4.311085e+02,   0.000000e+00,   1.786402e+00,   0.000000e+00,   4.389709e+02,   0.000000e+00,   1.404849e+02,   0.000000e+00,   2.852862e+01,   0.000000e+00,   2.922482e+01,   0.000000e+00,   8.514306e+00,   0.000000e+00,   1.081196e+01,   0.000000e+00,              3,              0,       1 meters
  15/07/2020 16:28:34.067,   1.754953e+00,   0.000000e+00,   1.789547e+04,   0.000000e+00,   4.346816e+02,   0.000000e+00,   1.786931e+00,   0.000000e+00,   4.426022e+02,   0.000000e+00,   1.405162e+02,   0.000000e+00,   2.852857e+01,   0.000000e+00,   2.922337e+01,   0.000000e+00,   8.516162e+00,   0.000000e+00,   1.080998e+01,   0.000000e+00,              3,              0,       1 meters
  15/07/2020 16:28:35.043,   1.754781e+00,   0.000000e+00,   1.785221e+04,   0.000000e+00,   4.397203e+02,   0.000000e+00,   1.786677e+00,   0.000000e+00,   4.477130e+02,   0.000000e+00,   1.404017e+02,   0.000000e+00,   2.852784e+01,   0.000000e+00,   2.922502e+01,   0.000000e+00,   8.514254e+00,   0.000000e+00,   1.080951e+01,   0.000000e+00,              3,              0,       1 meters
  15/07/2020 16:28:36.020,   1.755290e+00,   0.000000e+00,   1.781614e+04,   0.000000e+00,   4.490944e+02,   0.000000e+00,   1.787129e+00,   0.000000e+00,   4.572406e+02,   0.000000e+00,   1.404306e+02,   0.000000e+00,   2.852719e+01,   0.000000e+00,   2.922308e+01,   0.000000e+00,   8.515684e+00,   0.000000e+00,   1.080763e+01,   0.000000e+00,              3,              0,       1 meters
  15/07/2020 16:28:36.997,   1.755038e+00,   0.000000e+00,   1.789948e+04,   0.000000e+00,   4.601318e+02,   0.000000e+00,   1.787024e+00,   0.000000e+00,   4.685180e+02,   0.000000e+00,   1.405093e+02,   0.000000e+00,   2.852649e+01,   0.000000e+00,   2.922048e+01,   0.000000e+00,   8.515376e+00,   0.000000e+00,   1.080979e+01,   0.000000e+00,              3,              0,       1 meters
  15/07/2020 16:28:37.974,   1.753614e+00,   0.000000e+00,   1.794758e+04,   0.000000e+00,   4.722324e+02,   0.000000e+00,   1.785662e+00,   0.000000e+00,   4.808627e+02,   0.000000e+00,   1.404632e+02,   0.000000e+00,   2.852606e+01,   0.000000e+00,   2.922312e+01,   0.000000e+00,   8.514329e+00,   0.000000e+00,   1.081591e+01,   0.000000e+00,              3,              0,       1 meters
  15/07/2020 16:28:38.950,   1.755755e+00,   0.000000e+00,   1.788326e+04,   0.000000e+00,   4.809042e+02,   0.000000e+00,   1.787725e+00,   0.000000e+00,   4.896610e+02,   0.000000e+00,   1.404056e+02,   0.000000e+00,   2.852543e+01,   0.000000e+00,   2.922146e+01,   0.000000e+00,   8.515176e+00,   0.000000e+00,   1.080158e+01,   0.000000e+00,              3,              0,       1 meters
  15/07/2020 16:28:39.927,   1.756222e+00,   0.000000e+00,   1.792824e+04,   0.000000e+00,   4.854667e+02,   0.000000e+00,   1.788283e+00,   0.000000e+00,   4.943292e+02,   0.000000e+00,   1.404785e+02,   0.000000e+00,   2.852484e+01,   0.000000e+00,   2.921916e+01,   0.000000e+00,   8.516051e+00,   0.000000e+00,   1.081149e+01,   0.000000e+00,              3,              0,       1 meters
  15/07/2020 16:28:40.905,   1.754748e+00,   0.000000e+00,   1.800952e+04,   0.000000e+00,   4.856563e+02,   0.000000e+00,   1.786930e+00,   0.000000e+00,   4.945632e+02,   0.000000e+00,   1.404829e+02,   0.000000e+00,   2.852471e+01,   0.000000e+00,   2.921820e+01,   0.000000e+00,   8.514587e+00,   0.000000e+00,   1.081104e+01,   0.000000e+00,              3,              0,       1 meters
  15/07/2020 16:28:41.881,   1.755579e+00,   0.000000e+00,   1.794836e+04,   0.000000e+00,   4.873986e+02,   0.000000e+00,   1.787665e+00,   0.000000e+00,   4.963065e+02,   0.000000e+00,   1.404150e+02,   0.000000e+00,   2.852393e+01,   0.000000e+00,   2.922023e+01,   0.000000e+00,   8.514211e+00,   0.000000e+00,   1.080878e+01,   0.000000e+00,              3,              0,       1 meters
  15/07/2020 16:28:42.859,   1.755070e+00,   0.000000e+00,   1.801476e+04,   0.000000e+00,   4.867700e+02,   0.000000e+00,   1.787267e+00,   0.000000e+00,   4.956999e+02,   0.000000e+00,   1.404575e+02,   0.000000e+00,   2.852369e+01,   0.000000e+00,   2.921523e+01,   0.000000e+00,   8.517725e+00,   0.000000e+00,   1.080883e+01,   0.000000e+00,              3,              0,       1 meters
  15/07/2020 16:28:43.835,   1.753425e+00,   0.000000e+00,   1.800409e+04,   0.000000e+00,   4.842775e+02,   0.000000e+00,   1.785573e+00,   0.000000e+00,   4.931563e+02,   0.000000e+00,   1.405043e+02,   0.000000e+00,   2.852253e+01,   0.000000e+00,   2.921529e+01,   0.000000e+00,   8.516166e+00,   0.000000e+00,   1.080844e+01,   0.000000e+00,              3,              0,       1 meters
  15/07/2020 16:28:44.812,   1.755412e+00,   0.000000e+00,   1.798145e+04,   0.000000e+00,   4.819421e+02,   0.000000e+00,   1.787555e+00,   0.000000e+00,   4.907668e+02,   0.000000e+00,   1.404700e+02,   0.000000e+00,   2.852283e+01,   0.000000e+00,   2.921709e+01,   0.000000e+00,   8.514447e+00,   0.000000e+00,   1.080960e+01,   0.000000e+00,              3,              0,       1 meters
  15/07/2020 16:28:45.789,   1.755513e+00,   0.000000e+00,   1.792954e+04,   0.000000e+00,   4.803068e+02,   0.000000e+00,   1.787563e+00,   0.000000e+00,   4.890757e+02,   0.000000e+00,   1.403943e+02,   0.000000e+00,   2.852206e+01,   0.000000e+00,   2.921829e+01,   0.000000e+00,   8.515903e+00,   0.000000e+00,   1.080837e+01,   0.000000e+00,              3,              0,       1 meters
  15/07/2020 16:28:46.767,   1.754736e+00,   0.000000e+00,   1.805931e+04,   0.000000e+00,   4.784318e+02,   0.000000e+00,   1.787009e+00,   0.000000e+00,   4.872308e+02,   0.000000e+00,   1.404794e+02,   0.000000e+00,   2.852127e+01,   0.000000e+00,   2.921576e+01,   0.000000e+00,   8.511934e+00,   0.000000e+00,   1.080483e+01,   0.000000e+00,              3,              0,       1 meters
  15/07/2020 16:28:47.744,   1.755570e+00,   0.000000e+00,   1.799342e+04,   0.000000e+00,   4.755592e+02,   0.000000e+00,   1.787738e+00,   0.000000e+00,   4.842730e+02,   0.000000e+00,   1.405129e+02,   0.000000e+00,   2.852056e+01,   0.000000e+00,   2.921328e+01,   0.000000e+00,   8.512239e+00,   0.000000e+00,   1.081179e+01,   0.000000e+00,              3,              0,       1 meters
  15/07/2020 16:28:48.721,   1.755049e+00,   0.000000e+00,   1.790068e+04,   0.000000e+00,   4.734785e+02,   0.000000e+00,   1.787038e+00,   0.000000e+00,   4.821085e+02,   0.000000e+00,   1.403963e+02,   0.000000e+00,   2.852075e+01,   0.000000e+00,   2.921524e+01,   0.000000e+00,   8.513551e+00,   0.000000e+00,   1.080807e+01,   0.000000e+00,              3,              0,       1 meters
  15/07/2020 16:28:49.698,   1.755292e+00,   0.000000e+00,   1.801482e+04,   0.000000e+00,   4.687384e+02,   0.000000e+00,   1.787493e+00,   0.000000e+00,   4.773375e+02,   0.000000e+00,   1.404541e+02,   0.000000e+00,   2.851957e+01,   0.000000e+00,   2.921229e+01,   0.000000e+00,   8.515730e+00,   0.000000e+00,   1.081174e+01,   0.000000e+00,              3,              0,       1 meters
  15/07/2020 16:28:50.676,   1.756371e+00,   0.000000e+00,   1.798043e+04,   0.000000e+00,   4.651238e+02,   0.000000e+00,   1.788530e+00,   0.000000e+00,   4.736401e+02,   0.000000e+00,   1.405191e+02,   0.000000e+00,   2.851824e+01,   0.000000e+00,   2.921036e+01,   0.000000e+00,   8.509621e+00,   0.000000e+00,   1.081213e+01,   0.000000e+00,              3,              0,       1 meters
  15/07/2020 16:28:51.651,   1.755378e+00,   0.000000e+00,   1.806275e+04,   0.000000e+00,   4.618238e+02,   0.000000e+00,   1.787669e+00,   0.000000e+00,   4.703191e+02,   0.000000e+00,   1.404026e+02,   0.000000e+00,   2.851853e+01,   0.000000e+00,   2.921146e+01,   0.000000e+00,   8.515785e+00,   0.000000e+00,   1.080980e+01,   0.000000e+00,              3,              0,       1 meters
  15/07/2020 16:28:52.628,   1.756106e+00,   0.000000e+00,   1.805800e+04,   0.000000e+00,   4.594209e+02,   0.000000e+00,   1.788401e+00,   0.000000e+00,   4.678697e+02,   0.000000e+00,   1.404166e+02,   0.000000e+00,   2.851783e+01,   0.000000e+00,   2.921069e+01,   0.000000e+00,   8.516362e+00,   0.000000e+00,   1.080778e+01,   0.000000e+00,              3,              0,       1 meters
  15/07/2020 16:28:53.605,   1.754715e+00,   0.000000e+00,   1.811999e+04,   0.000000e+00,   4.597154e+02,   0.000000e+00,   1.787097e+00,   0.000000e+00,   4.681991e+02,   0.000000e+00,   1.404820e+02,   0.000000e+00,   2.851683e+01,   0.000000e+00,   2.920566e+01,   0.000000e+00,   8.511818e+00,   0.000000e+00,   1.081102e+01,   0.000000e+00,              3,              0,       1 meters
  15/07/2020 16:28:54.581,   1.753188e+00,   0.000000e+00,   1.805217e+04,   0.000000e+00,   4.625816e+02,   0.000000e+00,   1.785418e+00,   0.000000e+00,   4.710857e+02,   0.000000e+00,   1.404969e+02,   0.000000e+00,   2.851741e+01,   0.000000e+00,   2.920575e+01,   0.000000e+00,   8.514446e+00,   0.000000e+00,   1.081119e+01,   0.000000e+00,              3,              0,       1 meters
  15/07/2020 16:28:55.558,   1.754364e+00,   0.000000e+00,   1.803928e+04,   0.000000e+00,   4.670098e+02,   0.000000e+00,   1.786593e+00,   0.000000e+00,   4.755890e+02,   0.000000e+00,   1.404072e+02,   0.000000e+00,   2.851720e+01,   0.000000e+00,   2.920762e+01,   0.000000e+00,   8.515896e+00,   0.000000e+00,   1.080552e+01,   0.000000e+00,              3,              0,       1 meters
  15/07/2020 16:28:56.535,   1.754909e+00,   0.000000e+00,   1.806428e+04,   0.000000e+00,   4.679190e+02,   0.000000e+00,   1.787193e+00,   0.000000e+00,   4.765272e+02,   0.000000e+00,   1.404657e+02,   0.000000e+00,   2.851611e+01,   0.000000e+00,   2.920500e+01,   0.000000e+00,   8.514790e+00,   0.000000e+00,   1.081532e+01,   0.000000e+00,              3,              0,       1 meters
  15/07/2020 16:28:57.512,   1.753672e+00,   0.000000e+00,   1.809549e+04,   0.000000e+00,   4.676537e+02,   0.000000e+00,   1.785990e+00,   0.000000e+00,   4.762720e+02,   0.000000e+00,   1.405162e+02,   0.000000e+00,   2.851553e+01,   0.000000e+00,   2.920469e+01,   0.000000e+00,   8.515171e+00,   0.000000e+00,   1.081094e+01,   0.000000e+00,              3,              0,       1 meters
  15/07/2020 16:28:58.489,   1.756354e+00,   0.000000e+00,   1.808351e+04,   0.000000e+00,   4.654612e+02,   0.000000e+00,   1.788700e+00,   0.000000e+00,   4.740334e+02,   0.000000e+00,   1.404161e+02,   0.000000e+00,   2.851513e+01,   0.000000e+00,   2.920514e+01,   0.000000e+00,   8.513906e+00,   0.000000e+00,   1.081476e+01,   0.000000e+00,              3,              0,       1 meters
  15/07/2020 16:28:59.466,   1.754805e+00,   0.000000e+00,   1.808005e+04,   0.000000e+00,   4.604481e+02,   0.000000e+00,   1.787116e+00,   0.000000e+00,   4.689263e+02,   0.000000e+00,   1.404516e+02,   0.000000e+00,   2.851450e+01,   0.000000e+00,   2.920172e+01,   0.000000e+00,   8.512962e+00,   0.000000e+00,   1.081010e+01,   0.000000e+00,              3,              0,       1 meters
  15/07/2020 16:29:00.443,   1.755673e+00,   0.000000e+00,   1.811069e+04,   0.000000e+00,   4.561824e+02,   0.000000e+00,   1.788056e+00,   0.000000e+00,   4.645966e+02,   0.000000e+00,   1.404977e+02,   0.000000e+00,   2.851324e+01,   0.000000e+00,   2.920035e+01,   0.000000e+00,   8.513523e+00,   0.000000e+00,   1.081132e+01,   0.000000e+00,              3,              0,       1 meters
  15/07/2020 16:29:01.422,   1.752772e+00,   0.000000e+00,   1.808679e+04,   0.000000e+00,   4.508807e+02,   0.000000e+00,   1.785058e+00,   0.000000e+00,   4.591859e+02,   0.000000e+00,   1.404861e+02,   0.000000e+00,   2.851257e+01,   0.000000e+00,   2.919954e+01,   0.000000e+00,   8.519359e+00,   0.000000e+00,   1.080217e+01,   0.000000e+00,              3,              0,       1 meters
  15/07/2020 16:29:02.399,   1.753753e+00,   0.000000e+00,   1.815228e+04,   0.000000e+00,   4.458039e+02,   0.000000e+00,   1.786176e+00,   0.000000e+00,   4.540459e+02,   0.000000e+00,   1.404014e+02,   0.000000e+00,   2.851308e+01,   0.000000e+00,   2.920260e+01,   0.000000e+00,   8.514564e+00,   0.000000e+00,   1.081127e+01,   0.000000e+00,              3,              0,       1 meters
  15/07/2020 16:29:03.377,   1.753905e+00,   0.000000e+00,   1.824407e+04,   0.000000e+00,   4.408885e+02,   0.000000e+00,   1.786498e+00,   0.000000e+00,   4.490816e+02,   0.000000e+00,   1.404738e+02,   0.000000e+00,   2.851179e+01,   0.000000e+00,   2.920005e+01,   0.000000e+00,   8.516865e+00,   0.000000e+00,   1.081294e+01,   0.000000e+00,              3,              0,       1 meters
  15/07/2020 16:29:04.352,   1.753133e+00,   0.000000e+00,   1.818861e+04,   0.000000e+00,   4.365556e+02,   0.000000e+00,   1.785611e+00,   0.000000e+00,   4.446431e+02,   0.000000e+00,   1.405132e+02,   0.000000e+00,   2.851230e+01,   0.000000e+00,   2.920056e+01,   0.000000e+00,   8.512602e+00,   0.000000e+00,   1.080786e+01,   0.000000e+00,              3,              0,       1 meters
  15/07/2020 16:29:05.331,   1.752768e+00,   0.000000e+00,   1.821334e+04,   0.000000e+00,   4.326962e+02,   0.000000e+00,   1.785284e+00,   0.000000e+00,   4.407232e+02,   0.000000e+00,   1.404054e+02,   0.000000e+00,   2.851108e+01,   0.000000e+00,   2.920398e+01,   0.000000e+00,   8.512183e+00,   0.000000e+00,   1.081021e+01,   0.000000e+00,              3,              0,       1 meters
  15/07/2020 16:29:06.307,   1.753367e+00,   0.000000e+00,   1.835684e+04,   0.000000e+00,   4.288419e+02,   0.000000e+00,   1.786155e+00,   0.000000e+00,   4.368613e+02,   0.000000e+00,   1.404547e+02,   0.000000e+00,   2.851033e+01,   0.000000e+00,   2.920138e+01,   0.000000e+00,   8.513458e+00,   0.000000e+00,   1.080875e+01,   0.000000e+00,              3,              0,       1 meters
  15/07/2020 16:29:07.283,   1.751969e+00,   0.000000e+00,   1.824281e+04,   0.000000e+00,   4.258005e+02,   0.000000e+00,   1.784524e+00,   0.000000e+00,   4.337127e+02,   0.000000e+00,   1.405181e+02,   0.000000e+00,   2.850968e+01,   0.000000e+00,   2.919989e+01,   0.000000e+00,   8.516222e+00,   0.000000e+00,   1.080872e+01,   0.000000e+00,              3,              0,       1 meters
  15/07/2020 16:29:08.261,   1.751965e+00,   0.000000e+00,   1.832933e+04,   0.000000e+00,   4.226744e+02,   0.000000e+00,   1.784677e+00,   0.000000e+00,   4.305664e+02,   0.000000e+00,   1.404454e+02,   0.000000e+00,   2.850906e+01,   0.000000e+00,   2.920009e+01,   0.000000e+00,   8.513635e+00,   0.000000e+00,   1.080830e+01,   0.000000e+00,              3,              0,       1 meters
  15/07/2020 16:29:09.237,   1.752991e+00,   0.000000e+00,   1.841849e+04,   0.000000e+00,   4.210279e+02,   0.000000e+00,   1.785884e+00,   0.000000e+00,   4.289281e+02,   0.000000e+00,   1.404087e+02,   0.000000e+00,   2.850837e+01,   0.000000e+00,   2.920039e+01,   0.000000e+00,   8.510717e+00,   0.000000e+00,   1.080984e+01,   0.000000e+00,              3,              0,       1 meters
  15/07/2020 16:29:10.214,   1.750262e+00,   0.000000e+00,   1.844827e+04,   0.000000e+00,   4.187992e+02,   0.000000e+00,   1.783159e+00,   0.000000e+00,   4.266705e+02,   0.000000e+00,   1.404888e+02,   0.000000e+00,   2.850754e+01,   0.000000e+00,   2.919915e+01,   0.000000e+00,   8.511969e+00,   0.000000e+00,   1.080778e+01,   0.000000e+00,              3,              0,       1 meters
  15/07/2020 16:29:11.189,   1.750981e+00,   0.000000e+00,   1.839701e+04,   0.000000e+00,   4.177008e+02,   0.000000e+00,   1.783797e+00,   0.000000e+00,   4.255293e+02,   0.000000e+00,   1.404885e+02,   0.000000e+00,   2.850660e+01,   0.000000e+00,   2.919988e+01,   0.000000e+00,   8.514272e+00,   0.000000e+00,   1.081008e+01,   0.000000e+00,              3,              0,       1 meters
  15/07/2020 16:29:12.166,   1.753754e+00,   0.000000e+00,   1.844018e+04,   0.000000e+00,   4.158134e+02,   0.000000e+00,   1.786701e+00,   0.000000e+00,   4.236251e+02,   0.000000e+00,   1.404001e+02,   0.000000e+00,   2.850698e+01,   0.000000e+00,   2.919950e+01,   0.000000e+00,   8.515654e+00,   0.000000e+00,   1.081789e+01,   0.000000e+00,              3,              0,       1 meters
  15/07/2020 16:29:13.144,   1.752289e+00,   0.000000e+00,   1.855376e+04,   0.000000e+00,   4.150795e+02,   0.000000e+00,   1.785416e+00,   0.000000e+00,   4.229264e+02,   0.000000e+00,   1.404837e+02,   0.000000e+00,   2.850586e+01,   0.000000e+00,   2.919620e+01,   0.000000e+00,   8.513303e+00,   0.000000e+00,   1.081329e+01,   0.000000e+00,              3,              0,       1 meters
  15/07/2020 16:29:14.120,   1.751676e+00,   0.000000e+00,   1.852460e+04,   0.000000e+00,   4.142519e+02,   0.000000e+00,   1.784738e+00,   0.000000e+00,   4.220706e+02,   0.000000e+00,   1.405043e+02,   0.000000e+00,   2.850585e+01,   0.000000e+00,   2.919702e+01,   0.000000e+00,   8.514159e+00,   0.000000e+00,   1.081706e+01,   0.000000e+00,              3,              0,       1 meters
  15/07/2020 16:29:15.097,   1.752731e+00,   0.000000e+00,   1.840731e+04,   0.000000e+00,   4.135157e+02,   0.000000e+00,   1.785599e+00,   0.000000e+00,   4.212701e+02,   0.000000e+00,   1.404066e+02,   0.000000e+00,   2.850453e+01,   0.000000e+00,   2.919829e+01,   0.000000e+00,   8.515291e+00,   0.000000e+00,   1.081188e+01,   0.000000e+00,              3,              0,       1 meters
  15/07/2020 16:29:16.074,   1.752012e+00,   0.000000e+00,   1.850250e+04,   0.000000e+00,   4.131579e+02,   0.000000e+00,   1.785039e+00,   0.000000e+00,   4.209465e+02,   0.000000e+00,   1.404279e+02,   0.000000e+00,   2.850457e+01,   0.000000e+00,   2.919714e+01,   0.000000e+00,   8.514346e+00,   0.000000e+00,   1.081069e+01,   0.000000e+00,              3,              0,       1 meters
  15/07/2020 16:29:17.050,   1.752617e+00,   0.000000e+00,   1.858764e+04,   0.000000e+00,   4.117313e+02,   0.000000e+00,   1.785811e+00,   0.000000e+00,   4.195293e+02,   0.000000e+00,   1.405001e+02,   0.000000e+00,   2.850303e+01,   0.000000e+00,   2.919495e+01,   0.000000e+00,   8.514878e+00,   0.000000e+00,   1.080992e+01,   0.000000e+00,              3,              0,       1 meters
  15/07/2020 16:29:18.027,   1.750429e+00,   0.000000e+00,   1.844625e+04,   0.000000e+00,   4.112819e+02,   0.000000e+00,   1.783325e+00,   0.000000e+00,   4.190111e+02,   0.000000e+00,   1.404939e+02,   0.000000e+00,   2.850258e+01,   0.000000e+00,   2.919670e+01,   0.000000e+00,   8.514824e+00,   0.000000e+00,   1.080977e+01,   0.000000e+00,              3,              0,       1 meters
  15/07/2020 16:29:19.005,   1.753509e+00,   0.000000e+00,   1.849882e+04,   0.000000e+00,   4.105176e+02,   0.000000e+00,   1.786558e+00,   0.000000e+00,   4.182548e+02,   0.000000e+00,   1.404076e+02,   0.000000e+00,   2.850273e+01,   0.000000e+00,   2.919743e+01,   0.000000e+00,   8.510962e+00,   0.000000e+00,   1.081231e+01,   0.000000e+00,              3,              0,       1 meters
  15/07/2020 16:29:19.982,   1.752955e+00,   0.000000e+00,   1.848668e+04,   0.000000e+00,   4.097288e+02,   0.000000e+00,   1.785971e+00,   0.000000e+00,   4.174460e+02,   0.000000e+00,   1.404899e+02,   0.000000e+00,   2.850119e+01,   0.000000e+00,   2.919363e+01,   0.000000e+00,   8.513066e+00,   0.000000e+00,   1.081278e+01,   0.000000e+00,              3,              0,       1 meters
  15/07/2020 16:29:20.957,   1.751207e+00,   0.000000e+00,   1.843263e+04,   0.000000e+00,   4.092843e+02,   0.000000e+00,   1.784092e+00,   0.000000e+00,   4.169702e+02,   0.000000e+00,   1.405120e+02,   0.000000e+00,   2.850046e+01,   0.000000e+00,   2.919431e+01,   0.000000e+00,   8.515246e+00,   0.000000e+00,   1.080706e+01,   0.000000e+00,              3,              0,       1 meters
  15/07/2020 16:29:21.934,   1.753623e+00,   0.000000e+00,   1.847480e+04,   0.000000e+00,   4.088936e+02,   0.000000e+00,   1.786630e+00,   0.000000e+00,   4.165900e+02,   0.000000e+00,   1.404003e+02,   0.000000e+00,   2.850000e+01,   0.000000e+00,   2.919570e+01,   0.000000e+00,   8.515689e+00,   0.000000e+00,   1.080760e+01,   0.000000e+00,              3,              0,       1 meters
  15/07/2020 16:29:22.911,   1.754077e+00,   0.000000e+00,   1.841957e+04,   0.000000e+00,   4.081870e+02,   0.000000e+00,   1.786992e+00,   0.000000e+00,   4.158468e+02,   0.000000e+00,   1.404408e+02,   0.000000e+00,   2.849930e+01,   0.000000e+00,   2.919175e+01,   0.000000e+00,   8.514376e+00,   0.000000e+00,   1.081323e+01,   0.000000e+00,              3,              0,       1 meters
  15/07/2020 16:29:23.889,   1.752162e+00,   0.000000e+00,   1.842568e+04,   0.000000e+00,   4.082076e+02,   0.000000e+00,   1.785053e+00,   0.000000e+00,   4.158703e+02,   0.000000e+00,   1.405112e+02,   0.000000e+00,   2.849915e+01,   0.000000e+00,   2.919198e+01,   0.000000e+00,   8.514697e+00,   0.000000e+00,   1.080931e+01,   0.000000e+00,              3,              0,       1 meters
  15/07/2020 16:29:24.867,   1.752991e+00,   0.000000e+00,   1.834546e+04,   0.000000e+00,   4.073627e+02,   0.000000e+00,   1.785752e+00,   0.000000e+00,   4.149756e+02,   0.000000e+00,   1.404560e+02,   0.000000e+00,   2.849843e+01,   0.000000e+00,   2.919407e+01,   0.000000e+00,   8.512643e+00,   0.000000e+00,   1.080927e+01,   0.000000e+00,              3,              0,       1 meters
  15/07/2020 16:29:25.843,   1.753800e+00,   0.000000e+00,   1.837735e+04,   0.000000e+00,   4.069171e+02,   0.000000e+00,   1.786633e+00,   0.000000e+00,   4.145352e+02,   0.000000e+00,   1.404019e+02,   0.000000e+00,   2.849766e+01,   0.000000e+00,   2.919385e+01,   0.000000e+00,   8.514608e+00,   0.000000e+00,   1.081385e+01,   0.000000e+00,              3,              0,       1 meters
  15/07/2020 16:29:26.820,   1.751718e+00,   0.000000e+00,   1.841478e+04,   0.000000e+00,   4.065992e+02,   0.000000e+00,   1.784580e+00,   0.000000e+00,   4.142271e+02,   0.000000e+00,   1.404878e+02,   0.000000e+00,   2.849671e+01,   0.000000e+00,   2.918909e+01,   0.000000e+00,   8.516052e+00,   0.000000e+00,   1.081086e+01,   0.000000e+00,              3,              0,       1 meters
  15/07/2020 16:29:27.796,   1.753639e+00,   0.000000e+00,   1.832658e+04,   0.000000e+00,   4.065085e+02,   0.000000e+00,   1.786377e+00,   0.000000e+00,   4.140974e+02,   0.000000e+00,   1.404918e+02,   0.000000e+00,   2.849639e+01,   0.000000e+00,   2.918837e+01,   0.000000e+00,   8.515025e+00,   0.000000e+00,   1.081191e+01,   0.000000e+00,              3,              0,       1 meters
  15/07/2020 16:29:28.773,   1.752406e+00,   0.000000e+00,   1.837758e+04,   0.000000e+00,   4.066552e+02,   0.000000e+00,   1.785214e+00,   0.000000e+00,   4.142685e+02,   0.000000e+00,   1.404031e+02,   0.000000e+00,   2.849626e+01,   0.000000e+00,   2.918902e+01,   0.000000e+00,   8.514996e+00,   0.000000e+00,   1.081780e+01,   0.000000e+00,              3,              0,       1 meters
  15/07/2020 16:29:29.749,   1.752253e+00,   0.000000e+00,   1.837547e+04,   0.000000e+00,   4.068254e+02,   0.000000e+00,   1.785054e+00,   0.000000e+00,   4.144409e+02,   0.000000e+00,   1.404748e+02,   0.000000e+00,   2.849494e+01,   0.000000e+00,   2.918722e+01,   0.000000e+00,   8.511619e+00,   0.000000e+00,   1.081078e+01,   0.000000e+00,              3,              0,       1 meters
  15/07/2020 16:29:30.728,   1.754207e+00,   0.000000e+00,   1.841609e+04,   0.000000e+00,   4.065425e+02,   0.000000e+00,   1.787119e+00,   0.000000e+00,   4.141699e+02,   0.000000e+00,   1.405018e+02,   0.000000e+00,   2.849445e+01,   0.000000e+00,   2.918499e+01,   0.000000e+00,   8.515576e+00,   0.000000e+00,   1.080905e+01,   0.000000e+00,              3,              0,       1 meters
  15/07/2020 16:29:31.703,   1.753357e+00,   0.000000e+00,   1.825547e+04,   0.000000e+00,   4.066723e+02,   0.000000e+00,   1.785960e+00,   0.000000e+00,   4.142344e+02,   0.000000e+00,   1.404311e+02,   0.000000e+00,   2.849425e+01,   0.000000e+00,   2.918732e+01,   0.000000e+00,   8.517044e+00,   0.000000e+00,   1.081867e+01,   0.000000e+00,              3,              0,       1 meters
  15/07/2020 16:29:32.681,   1.754819e+00,   0.000000e+00,   1.839422e+04,   0.000000e+00,   4.061684e+02,   0.000000e+00,   1.787703e+00,   0.000000e+00,   4.137796e+02,   0.000000e+00,   1.404345e+02,   0.000000e+00,   2.849395e+01,   0.000000e+00,   2.918607e+01,   0.000000e+00,   8.509092e+00,   0.000000e+00,   1.081223e+01,   0.000000e+00,              3,              0,       1 meters
  15/07/2020 16:29:33.657,   1.752633e+00,   0.000000e+00,   1.834435e+04,   0.000000e+00,   4.068263e+02,   0.000000e+00,   1.785384e+00,   0.000000e+00,   4.144288e+02,   0.000000e+00,   1.405129e+02,   0.000000e+00,   2.849271e+01,   0.000000e+00,   2.918569e+01,   0.000000e+00,   8.510104e+00,   0.000000e+00,   1.081342e+01,   0.000000e+00,              3,              0,       1 meters
  15/07/2020 16:29:34.634,   1.752540e+00,   0.000000e+00,   1.830876e+04,   0.000000e+00,   4.064426e+02,   0.000000e+00,   1.785225e+00,   0.000000e+00,   4.140229e+02,   0.000000e+00,   1.404724e+02,   0.000000e+00,   2.849272e+01,   0.000000e+00,   2.918649e+01,   0.000000e+00,   8.516371e+00,   0.000000e+00,   1.081309e+01,   0.000000e+00,              3,              0,       1 meters
  15/07/2020 16:29:35.611,   1.752932e+00,   0.000000e+00,   1.836957e+04,   0.000000e+00,   4.064599e+02,   0.000000e+00,   1.785735e+00,   0.000000e+00,   4.140662e+02,   0.000000e+00,   1.404272e+02,   0.000000e+00,   2.849164e+01,   0.000000e+00,   2.918645e+01,   0.000000e+00,   8.513293e+00,   0.000000e+00,   1.080282e+01,   0.000000e+00,              3,              0,       1 meters
  15/07/2020 16:29:36.590,   1.752230e+00,   0.000000e+00,   1.827743e+04,   0.000000e+00,   4.069352e+02,   0.000000e+00,   1.784852e+00,   0.000000e+00,   4.145114e+02,   0.000000e+00,   1.405043e+02,   0.000000e+00,   2.849101e+01,   0.000000e+00,   2.918255e+01,   0.000000e+00,   8.511960e+00,   0.000000e+00,   1.080947e+01,   0.000000e+00,              3,              0,       1 meters
  15/07/2020 16:29:37.565,   1.751553e+00,   0.000000e+00,   1.825388e+04,   0.000000e+00,   4.062935e+02,   0.000000e+00,   1.784120e+00,   0.000000e+00,   4.138478e+02,   0.000000e+00,   1.404864e+02,   0.000000e+00,   2.849048e+01,   0.000000e+00,   2.918043e+01,   0.000000e+00,   8.517362e+00,   0.000000e+00,   1.081074e+01,   0.000000e+00,              3,              0,       1 meters
  15/07/2020 16:29:38.541,   1.755114e+00,   0.000000e+00,   1.830186e+04,   0.000000e+00,   4.070507e+02,   0.000000e+00,   1.787835e+00,   0.000000e+00,   4.146393e+02,   0.000000e+00,   1.403952e+02,   0.000000e+00,   2.849057e+01,   0.000000e+00,   2.918100e+01,   0.000000e+00,   8.512736e+00,   0.000000e+00,   1.081031e+01,   0.000000e+00,              3,              0,       1 meters
  15/07/2020 16:29:39.519,   1.751166e+00,   0.000000e+00,   1.842568e+04,   0.000000e+00,   4.065291e+02,   0.000000e+00,   1.784039e+00,   0.000000e+00,   4.141603e+02,   0.000000e+00,   1.404550e+02,   0.000000e+00,   2.848955e+01,   0.000000e+00,   2.918070e+01,   0.000000e+00,   8.515829e+00,   0.000000e+00,   1.081313e+01,   0.000000e+00,              3,              0,       1 meters
  15/07/2020 16:29:40.495,   1.751568e+00,   0.000000e+00,   1.835708e+04,   0.000000e+00,   4.067162e+02,   0.000000e+00,   1.784323e+00,   0.000000e+00,   4.143219e+02,   0.000000e+00,   1.405070e+02,   0.000000e+00,   2.848927e+01,   0.000000e+00,   2.917789e+01,   0.000000e+00,   8.516606e+00,   0.000000e+00,   1.081303e+01,   0.000000e+00,              3,              0,       1 meters
  15/07/2020 16:29:41.472,   1.752025e+00,   0.000000e+00,   1.835062e+04,   0.000000e+00,   4.072299e+02,   0.000000e+00,   1.784777e+00,   0.000000e+00,   4.148425e+02,   0.000000e+00,   1.404107e+02,   0.000000e+00,   2.848863e+01,   0.000000e+00,   2.917986e+01,   0.000000e+00,   8.518769e+00,   0.000000e+00,   1.080960e+01,   0.000000e+00,              3,              0,       1 meters
  15/07/2020 16:29:42.449,   1.753111e+00,   0.000000e+00,   1.828564e+04,   0.000000e+00,   4.070546e+02,   0.000000e+00,   1.785765e+00,   0.000000e+00,   4.146365e+02,   0.000000e+00,   1.404214e+02,   0.000000e+00,   2.848779e+01,   0.000000e+00,   2.917925e+01,   0.000000e+00,   8.514028e+00,   0.000000e+00,   1.081054e+01,   0.000000e+00,              3,              0,       1 meters
  15/07/2020 16:29:43.427,   1.752646e+00,   0.000000e+00,   1.825341e+04,   0.000000e+00,   4.069318e+02,   0.000000e+00,   1.785232e+00,   0.000000e+00,   4.144978e+02,   0.000000e+00,   1.405043e+02,   0.000000e+00,   2.848715e+01,   0.000000e+00,   2.917777e+01,   0.000000e+00,   8.519524e+00,   0.000000e+00,   1.081339e+01,   0.000000e+00,              3,              0,       1 meters
  15/07/2020 16:29:44.403,   1.752610e+00,   0.000000e+00,   1.831387e+04,   0.000000e+00,   4.069528e+02,   0.000000e+00,   1.785306e+00,   0.000000e+00,   4.145448e+02,   0.000000e+00,   1.404647e+02,   0.000000e+00,   2.848677e+01,   0.000000e+00,   2.918063e+01,   0.000000e+00,   8.513211e+00,   0.000000e+00,   1.081254e+01,   0.000000e+00,              3,              0,       1 meters
  15/07/2020 16:29:45.380,   1.753987e+00,   0.000000e+00,   1.823002e+04,   0.000000e+00,   4.072314e+02,   0.000000e+00,   1.786556e+00,   0.000000e+00,   4.147931e+02,   0.000000e+00,   1.404076e+02,   0.000000e+00,   2.848627e+01,   0.000000e+00,   2.918207e+01,   0.000000e+00,   8.515047e+00,   0.000000e+00,   1.080795e+01,   0.000000e+00,              3,              0,       1 meters
  15/07/2020 16:29:46.357,   1.753996e+00,   0.000000e+00,   1.825943e+04,   0.000000e+00,   4.077292e+02,   0.000000e+00,   1.786618e+00,   0.000000e+00,   4.153126e+02,   0.000000e+00,   1.404692e+02,   0.000000e+00,   2.848531e+01,   0.000000e+00,   2.918103e+01,   0.000000e+00,   8.517071e+00,   0.000000e+00,   1.081711e+01,   0.000000e+00,              3,              0,       1 meters
  15/07/2020 16:29:47.334,   1.752869e+00,   0.000000e+00,   1.825003e+04,   0.000000e+00,   4.083119e+02,   0.000000e+00,   1.785453e+00,   0.000000e+00,   4.159021e+02,   0.000000e+00,   1.405040e+02,   0.000000e+00,   2.848475e+01,   0.000000e+00,   2.918232e+01,   0.000000e+00,   8.513996e+00,   0.000000e+00,   1.080536e+01,   0.000000e+00,              3,              0,       1 meters
  15/07/2020 16:29:48.311,   1.755260e+00,   0.000000e+00,   1.822461e+04,   0.000000e+00,   4.080570e+02,   0.000000e+00,   1.787843e+00,   0.000000e+00,   4.156318e+02,   0.000000e+00,   1.404077e+02,   0.000000e+00,   2.848445e+01,   0.000000e+00,   2.918703e+01,   0.000000e+00,   8.509748e+00,   0.000000e+00,   1.081305e+01,   0.000000e+00,              3,              0,       1 meters
  15/07/2020 16:29:49.288,   1.753892e+00,   0.000000e+00,   1.824470e+04,   0.000000e+00,   4.087709e+02,   0.000000e+00,   1.786486e+00,   0.000000e+00,   4.163674e+02,   0.000000e+00,   1.404550e+02,   0.000000e+00,   2.848327e+01,   0.000000e+00,   2.918553e+01,   0.000000e+00,   8.512063e+00,   0.000000e+00,   1.080863e+01,   0.000000e+00,              3,              0,       1 meters
  15/07/2020 16:29:50.265,   1.752729e+00,   0.000000e+00,   1.815916e+04,   0.000000e+00,   4.089779e+02,   0.000000e+00,   1.785145e+00,   0.000000e+00,   4.165420e+02,   0.000000e+00,   1.405201e+02,   0.000000e+00,   2.848263e+01,   0.000000e+00,   2.918600e+01,   0.000000e+00,   8.513872e+00,   0.000000e+00,   1.081179e+01,   0.000000e+00,              3,              0,       1 meters
  15/07/2020 16:29:51.241,   1.753492e+00,   0.000000e+00,   1.813597e+04,   0.000000e+00,   4.096228e+02,   0.000000e+00,   1.785881e+00,   0.000000e+00,   4.171889e+02,   0.000000e+00,   1.404404e+02,   0.000000e+00,   2.848269e+01,   0.000000e+00,   2.918741e+01,   0.000000e+00,   8.515881e+00,   0.000000e+00,   1.081335e+01,   0.000000e+00,              3,              0,       1 meters
  15/07/2020 16:29:52.219,   1.753796e+00,   0.000000e+00,   1.813309e+04,   0.000000e+00,   4.103636e+02,   0.000000e+00,   1.786185e+00,   0.000000e+00,   4.179422e+02,   0.000000e+00,   1.404334e+02,   0.000000e+00,   2.848168e+01,   0.000000e+00,   2.918698e+01,   0.000000e+00,   8.515150e+00,   0.000000e+00,   1.080943e+01,   0.000000e+00,              3,              0,       1 meters
  15/07/2020 16:29:53.195,   1.754306e+00,   0.000000e+00,   1.815222e+04,   0.000000e+00,   4.100600e+02,   0.000000e+00,   1.786739e+00,   0.000000e+00,   4.176411e+02,   0.000000e+00,   1.404982e+02,   0.000000e+00,   2.848125e+01,   0.000000e+00,   2.918716e+01,   0.000000e+00,   8.512083e+00,   0.000000e+00,   1.081715e+01,   0.000000e+00,              3,              0,       1 meters
  15/07/2020 16:29:54.172,   1.753557e+00,   0.000000e+00,   1.810709e+04,   0.000000e+00,   4.107552e+02,   0.000000e+00,   1.785895e+00,   0.000000e+00,   4.183299e+02,   0.000000e+00,   1.404895e+02,   0.000000e+00,   2.848020e+01,   0.000000e+00,   2.918879e+01,   0.000000e+00,   8.513327e+00,   0.000000e+00,   1.081022e+01,   0.000000e+00,              3,              0,       1 meters
  15/07/2020 16:29:55.149,   1.754121e+00,   0.000000e+00,   1.811176e+04,   0.000000e+00,   4.108983e+02,   0.000000e+00,   1.786477e+00,   0.000000e+00,   4.184776e+02,   0.000000e+00,   1.404060e+02,   0.000000e+00,   2.848047e+01,   0.000000e+00,   2.919168e+01,   0.000000e+00,   8.513117e+00,   0.000000e+00,   1.080712e+01,   0.000000e+00,              3,              0,       1 meters
  15/07/2020 16:29:56.126,   1.753983e+00,   0.000000e+00,   1.813834e+04,   0.000000e+00,   4.104113e+02,   0.000000e+00,   1.786385e+00,   0.000000e+00,   4.179930e+02,   0.000000e+00,   1.404873e+02,   0.000000e+00,   2.847915e+01,   0.000000e+00,   2.918909e+01,   0.000000e+00,   8.516470e+00,   0.000000e+00,   1.081161e+01,   0.000000e+00,              3,              0,       1 meters
  15/07/2020 16:29:57.103,   1.754082e+00,   0.000000e+00,   1.810727e+04,   0.000000e+00,   4.104155e+02,   0.000000e+00,   1.786429e+00,   0.000000e+00,   4.179840e+02,   0.000000e+00,   1.405100e+02,   0.000000e+00,   2.847855e+01,   0.000000e+00,   2.919156e+01,   0.000000e+00,   8.517217e+00,   0.000000e+00,   1.081087e+01,   0.000000e+00,              3,              0,       1 meters
  15/07/2020 16:29:58.081,   1.754158e+00,   0.000000e+00,   1.808978e+04,   0.000000e+00,   4.099415e+02,   0.000000e+00,   1.786474e+00,   0.000000e+00,   4.174939e+02,   0.000000e+00,   1.404016e+02,   0.000000e+00,   2.847849e+01,   0.000000e+00,   2.919389e+01,   0.000000e+00,   8.514536e+00,   0.000000e+00,   1.081447e+01,   0.000000e+00,              3,              0,       1 meters
  15/07/2020 16:29:59.057,   1.754880e+00,   0.000000e+00,   1.808461e+04,   0.000000e+00,   4.097363e+02,   0.000000e+00,   1.787201e+00,   0.000000e+00,   4.172827e+02,   0.000000e+00,   1.404604e+02,   0.000000e+00,   2.847753e+01,   0.000000e+00,   2.919040e+01,   0.000000e+00,   8.511850e+00,   0.000000e+00,   1.081368e+01,   0.000000e+00,              3,              0,       1 meters
  15/07/2020 16:30:00.035,   1.752943e+00,   0.000000e+00,   1.803372e+04,   0.000000e+00,   4.095709e+02,   0.000000e+00,   1.785136e+00,   0.000000e+00,   4.170927e+02,   0.000000e+00,   1.405064e+02,   0.000000e+00,   2.847640e+01,   0.000000e+00,   2.919199e+01,   0.000000e+00,   8.514540e+00,   0.000000e+00,   1.080932e+01,   0.000000e+00,              3,              0,       1 meters
  15/07/2020 16:30:01.012,   1.755871e+00,   0.000000e+00,   1.797074e+04,   0.000000e+00,   4.093436e+02,   0.000000e+00,   1.788002e+00,   0.000000e+00,   4.168344e+02,   0.000000e+00,   1.404501e+02,   0.000000e+00,   2.847572e+01,   0.000000e+00,   2.919341e+01,   0.000000e+00,   8.511664e+00,   0.000000e+00,   1.081493e+01,   0.000000e+00,              3,              0,       1 meters
  15/07/2020 16:30:01.989,   1.756182e+00,   0.000000e+00,   1.802410e+04,   0.000000e+00,   4.091819e+02,   0.000000e+00,   1.788417e+00,   0.000000e+00,   4.166924e+02,   0.000000e+00,   1.404219e+02,   0.000000e+00,   2.847587e+01,   0.000000e+00,   2.919429e+01,   0.000000e+00,   8.514116e+00,   0.000000e+00,   1.081459e+01,   0.000000e+00,              3,              0,       1 meters
  15/07/2020 16:30:02.964,   1.754677e+00,   0.000000e+00,   1.800257e+04,   0.000000e+00,   4.085434e+02,   0.000000e+00,   1.786844e+00,   0.000000e+00,   4.160331e+02,   0.000000e+00,   1.405027e+02,   0.000000e+00,   2.847511e+01,   0.000000e+00,   2.919275e+01,   0.000000e+00,   8.515062e+00,   0.000000e+00,   1.080911e+01,   0.000000e+00,              3,              0,       1 meters
  15/07/2020 16:30:03.941,   1.754683e+00,   0.000000e+00,   1.794702e+04,   0.000000e+00,   4.080159e+02,   0.000000e+00,   1.786750e+00,   0.000000e+00,   4.154724e+02,   0.000000e+00,   1.404686e+02,   0.000000e+00,   2.847449e+01,   0.000000e+00,   2.919166e+01,   0.000000e+00,   8.510724e+00,   0.000000e+00,   1.080909e+01,   0.000000e+00,              3,              0,       1 meters
  15/07/2020 16:30:04.918,   1.755039e+00,   0.000000e+00,   1.793158e+04,   0.000000e+00,   4.080698e+02,   0.000000e+00,   1.787085e+00,   0.000000e+00,   4.155207e+02,   0.000000e+00,   1.404124e+02,   0.000000e+00,   2.847395e+01,   0.000000e+00,   2.919315e+01,   0.000000e+00,   8.510068e+00,   0.000000e+00,   1.081085e+01,   0.000000e+00,              3,              0,       1 meters
  15/07/2020 16:30:05.895,   1.755631e+00,   0.000000e+00,   1.786623e+04,   0.000000e+00,   4.076263e+02,   0.000000e+00,   1.787568e+00,   0.000000e+00,   4.150415e+02,   0.000000e+00,   1.404843e+02,   0.000000e+00,   2.847289e+01,   0.000000e+00,   2.918983e+01,   0.000000e+00,   8.513558e+00,   0.000000e+00,   1.081158e+01,   0.000000e+00,              3,              0,       1 meters
  15/07/2020 16:30:06.872,   1.755165e+00,   0.000000e+00,   1.795662e+04,   0.000000e+00,   4.072271e+02,   0.000000e+00,   1.787258e+00,   0.000000e+00,   4.146732e+02,   0.000000e+00,   1.404857e+02,   0.000000e+00,   2.847229e+01,   0.000000e+00,   2.919015e+01,   0.000000e+00,   8.511652e+00,   0.000000e+00,   1.080898e+01,   0.000000e+00,              3,              0,       1 meters
  15/07/2020 16:30:07.849,   1.754844e+00,   0.000000e+00,   1.787717e+04,   0.000000e+00,   4.067955e+02,   0.000000e+00,   1.786787e+00,   0.000000e+00,   4.142002e+02,   0.000000e+00,   1.404136e+02,   0.000000e+00,   2.847226e+01,   0.000000e+00,   2.919292e+01,   0.000000e+00,   8.516704e+00,   0.000000e+00,   1.081257e+01,   0.000000e+00,              3,              0,       1 meters
  15/07/2020 16:30:08.826,   1.752599e+00,   0.000000e+00,   1.791019e+04,   0.000000e+00,   4.059357e+02,   0.000000e+00,   1.784561e+00,   0.000000e+00,   4.133387e+02,   0.000000e+00,   1.404617e+02,   0.000000e+00,   2.847120e+01,   0.000000e+00,   2.919150e+01,   0.000000e+00,   8.516484e+00,   0.000000e+00,   1.081458e+01,   0.000000e+00,              3,              0,       1 meters
  15/07/2020 16:30:09.802,   1.753196e+00,   0.000000e+00,   1.785641e+04,   0.000000e+00,   4.067079e+02,   0.000000e+00,   1.785071e+00,   0.000000e+00,   4.141023e+02,   0.000000e+00,   1.405091e+02,   0.000000e+00,   2.847031e+01,   0.000000e+00,   2.919067e+01,   0.000000e+00,   8.516159e+00,   0.000000e+00,   1.080672e+01,   0.000000e+00,              3,              0,       1 meters
  15/07/2020 16:30:10.780,   1.751787e+00,   0.000000e+00,   1.780171e+04,   0.000000e+00,   4.057178e+02,   0.000000e+00,   1.783537e+00,   0.000000e+00,   4.130711e+02,   0.000000e+00,   1.404365e+02,   0.000000e+00,   2.846954e+01,   0.000000e+00,   2.919235e+01,   0.000000e+00,   8.519562e+00,   0.000000e+00,   1.081165e+01,   0.000000e+00,              3,              0,       1 meters
  15/07/2020 16:30:11.756,   1.753542e+00,   0.000000e+00,   1.789496e+04,   0.000000e+00,   4.049892e+02,   0.000000e+00,   1.785493e+00,   0.000000e+00,   4.123685e+02,   0.000000e+00,   1.404515e+02,   0.000000e+00,   2.846851e+01,   0.000000e+00,   2.919160e+01,   0.000000e+00,   8.515559e+00,   0.000000e+00,   1.081073e+01,   0.000000e+00,              3,              0,       1 meters
  15/07/2020 16:30:12.733,   1.753449e+00,   0.000000e+00,   1.784641e+04,   0.000000e+00,   4.054639e+02,   0.000000e+00,   1.785310e+00,   0.000000e+00,   4.128315e+02,   0.000000e+00,   1.405019e+02,   0.000000e+00,   2.846855e+01,   0.000000e+00,   2.919129e+01,   0.000000e+00,   8.517512e+00,   0.000000e+00,   1.081241e+01,   0.000000e+00,              3,              0,       1 meters
  15/07/2020 16:30:13.710,   1.753916e+00,   0.000000e+00,   1.784616e+04,   0.000000e+00,   4.055736e+02,   0.000000e+00,   1.785785e+00,   0.000000e+00,   4.129431e+02,   0.000000e+00,   1.404719e+02,   0.000000e+00,   2.846816e+01,   0.000000e+00,   2.919311e+01,   0.000000e+00,   8.517973e+00,   0.000000e+00,   1.081230e+01,   0.000000e+00,              3,              0,       1 meters
  15/07/2020 16:30:14.687,   1.755132e+00,   0.000000e+00,   1.783603e+04,   0.000000e+00,   4.049514e+02,   0.000000e+00,   1.787005e+00,   0.000000e+00,   4.123052e+02,   0.000000e+00,   1.404124e+02,   0.000000e+00,   2.846761e+01,   0.000000e+00,   2.919533e+01,   0.000000e+00,   8.511842e+00,   0.000000e+00,   1.081583e+01,   0.000000e+00,              3,              0,       1 meters
  15/07/2020 16:30:15.664,   1.754338e+00,   0.000000e+00,   1.790237e+04,   0.000000e+00,   4.048111e+02,   0.000000e+00,   1.786317e+00,   0.000000e+00,   4.121903e+02,   0.000000e+00,   1.404940e+02,   0.000000e+00,   2.846684e+01,   0.000000e+00,   2.919299e+01,   0.000000e+00,   8.512127e+00,   0.000000e+00,   1.081333e+01,   0.000000e+00,              3,              0,       1 meters
  15/07/2020 16:30:16.641,   1.754912e+00,   0.000000e+00,   1.790530e+04,   0.000000e+00,   4.047983e+02,   0.000000e+00,   1.786907e+00,   0.000000e+00,   4.121785e+02,   0.000000e+00,   1.404983e+02,   0.000000e+00,   2.846616e+01,   0.000000e+00,   2.919241e+01,   0.000000e+00,   8.513366e+00,   0.000000e+00,   1.080984e+01,   0.000000e+00,              3,              0,       1 meters
  15/07/2020 16:30:17.618,   1.754028e+00,   0.000000e+00,   1.798554e+04,   0.000000e+00,   4.044773e+02,   0.000000e+00,   1.786153e+00,   0.000000e+00,   4.118853e+02,   0.000000e+00,   1.404095e+02,   0.000000e+00,   2.846598e+01,   0.000000e+00,   2.919572e+01,   0.000000e+00,   8.514741e+00,   0.000000e+00,   1.081561e+01,   0.000000e+00,              3,              0,       1 meters
  15/07/2020 16:30:18.595,   1.753286e+00,   0.000000e+00,   1.794200e+04,   0.000000e+00,   4.045066e+02,   0.000000e+00,   1.785318e+00,   0.000000e+00,   4.118969e+02,   0.000000e+00,   1.404823e+02,   0.000000e+00,   2.846505e+01,   0.000000e+00,   2.919325e+01,   0.000000e+00,   8.513872e+00,   0.000000e+00,   1.081307e+01,   0.000000e+00,              3,              0,       1 meters
  15/07/2020 16:30:19.571,   1.751386e+00,   0.000000e+00,   1.795571e+04,   0.000000e+00,   4.043437e+02,   0.000000e+00,   1.783409e+00,   0.000000e+00,   4.117367e+02,   0.000000e+00,   1.405016e+02,   0.000000e+00,   2.846495e+01,   0.000000e+00,   2.919298e+01,   0.000000e+00,   8.515236e+00,   0.000000e+00,   1.080900e+01,   0.000000e+00,              3,              0,       1 meters
  15/07/2020 16:30:20.549,   1.754818e+00,   0.000000e+00,   1.789230e+04,   0.000000e+00,   4.042194e+02,   0.000000e+00,   1.786787e+00,   0.000000e+00,   4.115836e+02,   0.000000e+00,   1.404392e+02,   0.000000e+00,   2.846380e+01,   0.000000e+00,   2.919620e+01,   0.000000e+00,   8.511698e+00,   0.000000e+00,   1.081056e+01,   0.000000e+00,              3,              0,       1 meters
  15/07/2020 16:30:21.525,   1.753651e+00,   0.000000e+00,   1.790420e+04,   0.000000e+00,   4.046111e+02,   0.000000e+00,   1.785621e+00,   0.000000e+00,   4.119874e+02,   0.000000e+00,   1.404300e+02,   0.000000e+00,   2.846290e+01,   0.000000e+00,   2.919299e+01,   0.000000e+00,   8.515705e+00,   0.000000e+00,   1.080713e+01,   0.000000e+00,              3,              0,       1 meters
  15/07/2020 16:30:22.502,   1.753387e+00,   0.000000e+00,   1.792223e+04,   0.000000e+00,   4.036315e+02,   0.000000e+00,   1.785385e+00,   0.000000e+00,   4.109975e+02,   0.000000e+00,   1.405050e+02,   0.000000e+00,   2.846203e+01,   0.000000e+00,   2.919111e+01,   0.000000e+00,   8.515643e+00,   0.000000e+00,   1.081611e+01,   0.000000e+00,              3,              0,       1 meters
  15/07/2020 16:30:23.479,   1.753755e+00,   0.000000e+00,   1.790610e+04,   0.000000e+00,   4.039257e+02,   0.000000e+00,   1.785730e+00,   0.000000e+00,   4.112903e+02,   0.000000e+00,   1.404569e+02,   0.000000e+00,   2.846219e+01,   0.000000e+00,   2.919253e+01,   0.000000e+00,   8.513966e+00,   0.000000e+00,   1.081088e+01,   0.000000e+00,              3,              0,       1 meters
  15/07/2020 16:30:24.456,   1.754875e+00,   0.000000e+00,   1.796932e+04,   0.000000e+00,   4.039522e+02,   0.000000e+00,   1.786986e+00,   0.000000e+00,   4.113438e+02,   0.000000e+00,   1.404061e+02,   0.000000e+00,   2.846171e+01,   0.000000e+00,   2.919295e+01,   0.000000e+00,   8.514957e+00,   0.000000e+00,   1.081500e+01,   0.000000e+00,              3,              0,       1 meters
  15/07/2020 16:30:25.433,   1.752310e+00,   0.000000e+00,   1.800444e+04,   0.000000e+00,   4.043846e+02,   0.000000e+00,   1.784438e+00,   0.000000e+00,   4.117988e+02,   0.000000e+00,   1.404999e+02,   0.000000e+00,   2.846075e+01,   0.000000e+00,   2.919116e+01,   0.000000e+00,   8.512007e+00,   0.000000e+00,   1.080737e+01,   0.000000e+00,              3,              0,       1 meters
  15/07/2020 16:30:26.411,   1.754596e+00,   0.000000e+00,   1.803509e+04,   0.000000e+00,   4.037390e+02,   0.000000e+00,   1.786821e+00,   0.000000e+00,   4.111542e+02,   0.000000e+00,   1.404621e+02,   0.000000e+00,   2.846055e+01,   0.000000e+00,   2.919327e+01,   0.000000e+00,   8.510082e+00,   0.000000e+00,   1.081374e+01,   0.000000e+00,              3,              0,       1 meters
  15/07/2020 16:30:27.387,   1.753346e+00,   0.000000e+00,   1.799824e+04,   0.000000e+00,   4.037817e+02,   0.000000e+00,   1.785481e+00,   0.000000e+00,   4.111823e+02,   0.000000e+00,   1.404064e+02,   0.000000e+00,   2.845975e+01,   0.000000e+00,   2.919410e+01,   0.000000e+00,   8.515488e+00,   0.000000e+00,   1.081419e+01,   0.000000e+00,              3,              0,       1 meters
  15/07/2020 16:30:28.363,   1.753238e+00,   0.000000e+00,   1.803597e+04,   0.000000e+00,   4.039959e+02,   0.000000e+00,   1.785440e+00,   0.000000e+00,   4.114162e+02,   0.000000e+00,   1.404624e+02,   0.000000e+00,   2.845907e+01,   0.000000e+00,   2.919347e+01,   0.000000e+00,   8.519724e+00,   0.000000e+00,   1.081493e+01,   0.000000e+00,              3,              0,       1 meters
  15/07/2020 16:30:29.341,   1.753751e+00,   0.000000e+00,   1.800120e+04,   0.000000e+00,   4.036448e+02,   0.000000e+00,   1.785899e+00,   0.000000e+00,   4.110441e+02,   0.000000e+00,   1.405075e+02,   0.000000e+00,   2.845854e+01,   0.000000e+00,   2.919638e+01,   0.000000e+00,   8.513839e+00,   0.000000e+00,   1.080987e+01,   0.000000e+00,              3,              0,       1 meters
  15/07/2020 16:30:30.318,   1.754272e+00,   0.000000e+00,   1.794702e+04,   0.000000e+00,   4.036607e+02,   0.000000e+00,   1.786331e+00,   0.000000e+00,   4.110376e+02,   0.000000e+00,   1.404263e+02,   0.000000e+00,   2.845837e+01,   0.000000e+00,   2.920077e+01,   0.000000e+00,   8.508085e+00,   0.000000e+00,   1.081182e+01,   0.000000e+00,              3,              0,       1 meters
  15/07/2020 16:30:31.294,   1.754495e+00,   0.000000e+00,   1.805704e+04,   0.000000e+00,   4.037333e+02,   0.000000e+00,   1.786759e+00,   0.000000e+00,   4.111576e+02,   0.000000e+00,   1.404558e+02,   0.000000e+00,   2.845679e+01,   0.000000e+00,   2.920001e+01,   0.000000e+00,   8.507961e+00,   0.000000e+00,   1.081330e+01,   0.000000e+00,              3,              0,       1 meters
  15/07/2020 16:30:32.271,   1.753201e+00,   0.000000e+00,   1.804081e+04,   0.000000e+00,   4.036303e+02,   0.000000e+00,   1.785412e+00,   0.000000e+00,   4.110459e+02,   0.000000e+00,   1.405132e+02,   0.000000e+00,   2.845603e+01,   0.000000e+00,   2.919987e+01,   0.000000e+00,   8.512010e+00,   0.000000e+00,   1.081350e+01,   0.000000e+00,              3,              0,       1 meters
  15/07/2020 16:30:33.248,   1.753541e+00,   0.000000e+00,   1.802873e+04,   0.000000e+00,   4.036596e+02,   0.000000e+00,   1.785736e+00,   0.000000e+00,   4.110707e+02,   0.000000e+00,   1.404449e+02,   0.000000e+00,   2.845555e+01,   0.000000e+00,   2.920449e+01,   0.000000e+00,   8.513102e+00,   0.000000e+00,   1.081333e+01,   0.000000e+00,              3,              0,       1 meters
  15/07/2020 16:30:34.225,   1.752587e+00,   0.000000e+00,   1.800460e+04,   0.000000e+00,   4.040571e+02,   0.000000e+00,   1.784720e+00,   0.000000e+00,   4.114653e+02,   0.000000e+00,   1.404224e+02,   0.000000e+00,   2.845601e+01,   0.000000e+00,   2.920515e+01,   0.000000e+00,   8.514306e+00,   0.000000e+00,   1.081038e+01,   0.000000e+00,              3,              0,       1 meters
  15/07/2020 16:30:35.202,   1.753659e+00,   0.000000e+00,   1.793874e+04,   0.000000e+00,   4.039495e+02,   0.000000e+00,   1.785692e+00,   0.000000e+00,   4.113282e+02,   0.000000e+00,   1.404990e+02,   0.000000e+00,   2.845465e+01,   0.000000e+00,   2.920539e+01,   0.000000e+00,   8.513073e+00,   0.000000e+00,   1.081245e+01,   0.000000e+00,              3,              0,       1 meters
  15/07/2020 16:30:36.180,   1.753488e+00,   0.000000e+00,   1.801242e+04,   0.000000e+00,   4.038842e+02,   0.000000e+00,   1.785652e+00,   0.000000e+00,   4.112926e+02,   0.000000e+00,   1.404891e+02,   0.000000e+00,   2.845408e+01,   0.000000e+00,   2.920658e+01,   0.000000e+00,   8.515107e+00,   0.000000e+00,   1.081222e+01,   0.000000e+00,              3,              0,       1 meters
  15/07/2020 16:30:37.157,   1.754062e+00,   0.000000e+00,   1.795485e+04,   0.000000e+00,   4.041979e+02,   0.000000e+00,   1.786131e+00,   0.000000e+00,   4.115879e+02,   0.000000e+00,   1.404071e+02,   0.000000e+00,   2.845402e+01,   0.000000e+00,   2.920707e+01,   0.000000e+00,   8.514752e+00,   0.000000e+00,   1.080992e+01,   0.000000e+00,              3,              0,       1 meters
  15/07/2020 16:30:38.133,   1.754651e+00,   0.000000e+00,   1.803769e+04,   0.000000e+00,   4.036788e+02,   0.000000e+00,   1.786882e+00,   0.000000e+00,   4.110940e+02,   0.000000e+00,   1.404980e+02,   0.000000e+00,   2.845291e+01,   0.000000e+00,   2.920545e+01,   0.000000e+00,   8.511794e+00,   0.000000e+00,   1.081470e+01,   0.000000e+00,              3,              0,       1 meters
  15/07/2020 16:30:39.110,   1.752946e+00,   0.000000e+00,   1.798599e+04,   0.000000e+00,   4.036036e+02,   0.000000e+00,   1.785052e+00,   0.000000e+00,   4.109957e+02,   0.000000e+00,   1.405007e+02,   0.000000e+00,   2.845243e+01,   0.000000e+00,   2.920661e+01,   0.000000e+00,   8.512435e+00,   0.000000e+00,   1.080664e+01,   0.000000e+00,              3,              0,       1 meters
  15/07/2020 16:30:40.086,   1.754265e+00,   0.000000e+00,   1.795053e+04,   0.000000e+00,   4.039864e+02,   0.000000e+00,   1.786330e+00,   0.000000e+00,   4.113707e+02,   0.000000e+00,   1.404149e+02,   0.000000e+00,   2.845173e+01,   0.000000e+00,   2.920690e+01,   0.000000e+00,   8.513945e+00,   0.000000e+00,   1.081171e+01,   0.000000e+00,              3,              0,       1 meters
  15/07/2020 16:30:41.064,   1.753928e+00,   0.000000e+00,   1.807552e+04,   0.000000e+00,   4.038582e+02,   0.000000e+00,   1.786215e+00,   0.000000e+00,   4.112926e+02,   0.000000e+00,   1.404215e+02,   0.000000e+00,   2.845163e+01,   0.000000e+00,   2.920670e+01,   0.000000e+00,   8.514530e+00,   0.000000e+00,   1.081273e+01,   0.000000e+00,              3,              0,       1 meters
  15/07/2020 16:30:42.041,   1.754046e+00,   0.000000e+00,   1.799625e+04,   0.000000e+00,   4.034250e+02,   0.000000e+00,   1.786191e+00,   0.000000e+00,   4.108181e+02,   0.000000e+00,   1.405125e+02,   0.000000e+00,   2.845006e+01,   0.000000e+00,   2.920383e+01,   0.000000e+00,   8.507377e+00,   0.000000e+00,   1.081590e+01,   0.000000e+00,              3,              0,       1 meters
  15/07/2020 16:30:43.017,   1.753611e+00,   0.000000e+00,   1.801191e+04,   0.000000e+00,   4.037810e+02,   0.000000e+00,   1.785776e+00,   0.000000e+00,   4.111873e+02,   0.000000e+00,   1.404422e+02,   0.000000e+00,   2.844958e+01,   0.000000e+00,   2.920567e+01,   0.000000e+00,   8.508656e+00,   0.000000e+00,   1.081223e+01,   0.000000e+00,              3,              0,       1 meters
  15/07/2020 16:30:43.994,   1.753993e+00,   0.000000e+00,   1.792137e+04,   0.000000e+00,   4.036425e+02,   0.000000e+00,   1.786001e+00,   0.000000e+00,   4.110083e+02,   0.000000e+00,   1.404098e+02,   0.000000e+00,   2.844890e+01,   0.000000e+00,   2.920452e+01,   0.000000e+00,   8.516223e+00,   0.000000e+00,   1.081173e+01,   0.000000e+00,              3,              0,       1 meters
  15/07/2020 16:30:44.971,   1.752283e+00,   0.000000e+00,   1.799830e+04,   0.000000e+00,   4.036887e+02,   0.000000e+00,   1.784400e+00,   0.000000e+00,   4.110876e+02,   0.000000e+00,   1.405112e+02,   0.000000e+00,   2.844894e+01,   0.000000e+00,   2.920477e+01,   0.000000e+00,   8.512778e+00,   0.000000e+00,   1.081088e+01,   0.000000e+00,              3,              0,       1 meters
  15/07/2020 16:30:45.948,   1.753416e+00,   0.000000e+00,   1.801828e+04,   0.000000e+00,   4.036586e+02,   0.000000e+00,   1.785589e+00,   0.000000e+00,   4.110653e+02,   0.000000e+00,   1.404530e+02,   0.000000e+00,   2.844841e+01,   0.000000e+00,   2.920499e+01,   0.000000e+00,   8.512519e+00,   0.000000e+00,   1.081205e+01,   0.000000e+00,              3,              0,       1 meters
  15/07/2020 16:30:46.925,   1.753707e+00,   0.000000e+00,   1.797560e+04,   0.000000e+00,   4.041084e+02,   0.000000e+00,   1.785808e+00,   0.000000e+00,   4.115055e+02,   0.000000e+00,   1.403867e+02,   0.000000e+00,   2.844839e+01,   0.000000e+00,   2.920399e+01,   0.000000e+00,   8.514464e+00,   0.000000e+00,   1.081525e+01,   0.000000e+00,              3,              0,       1 meters
  15/07/2020 16:30:47.902,   1.755480e+00,   0.000000e+00,   1.802575e+04,   0.000000e+00,   4.033206e+02,   0.000000e+00,   1.787705e+00,   0.000000e+00,   4.107242e+02,   0.000000e+00,   1.404863e+02,   0.000000e+00,   2.844691e+01,   0.000000e+00,   2.919919e+01,   0.000000e+00,   8.510570e+00,   0.000000e+00,   1.081559e+01,   0.000000e+00,              3,              0,       1 meters
  15/07/2020 16:30:48.879,   1.751969e+00,   0.000000e+00,   1.797182e+04,   0.000000e+00,   4.037424e+02,   0.000000e+00,   1.784031e+00,   0.000000e+00,   4.111311e+02,   0.000000e+00,   1.404844e+02,   0.000000e+00,   2.844636e+01,   0.000000e+00,   2.920198e+01,   0.000000e+00,   8.515691e+00,   0.000000e+00,   1.081174e+01,   0.000000e+00,              3,              0,       1 meters
  15/07/2020 16:30:49.856,   1.754924e+00,   0.000000e+00,   1.799714e+04,   0.000000e+00,   4.037345e+02,   0.000000e+00,   1.787086e+00,   0.000000e+00,   4.111337e+02,   0.000000e+00,   1.404018e+02,   0.000000e+00,   2.844601e+01,   0.000000e+00,   2.920317e+01,   0.000000e+00,   8.512364e+00,   0.000000e+00,   1.081133e+01,   0.000000e+00,              3,              0,       1 meters
  15/07/2020 16:30:50.832,   1.753813e+00,   0.000000e+00,   1.788709e+04,   0.000000e+00,   4.039102e+02,   0.000000e+00,   1.785755e+00,   0.000000e+00,   4.112666e+02,   0.000000e+00,   1.404844e+02,   0.000000e+00,   2.844534e+01,   0.000000e+00,   2.920177e+01,   0.000000e+00,   8.512546e+00,   0.000000e+00,   1.081284e+01,   0.000000e+00,              3,              0,       1 meters
  15/07/2020 16:30:51.809,   1.753876e+00,   0.000000e+00,   1.798085e+04,   0.000000e+00,   4.032083e+02,   0.000000e+00,   1.785990e+00,   0.000000e+00,   4.105911e+02,   0.000000e+00,   1.404944e+02,   0.000000e+00,   2.844456e+01,   0.000000e+00,   2.920201e+01,   0.000000e+00,   8.513880e+00,   0.000000e+00,   1.081322e+01,   0.000000e+00,              3,              0,       1 meters
  15/07/2020 16:30:52.787,   1.754764e+00,   0.000000e+00,   1.790936e+04,   0.000000e+00,   4.035670e+02,   0.000000e+00,   1.786763e+00,   0.000000e+00,   4.109264e+02,   0.000000e+00,   1.404066e+02,   0.000000e+00,   2.844392e+01,   0.000000e+00,   2.920458e+01,   0.000000e+00,   8.510880e+00,   0.000000e+00,   1.081204e+01,   0.000000e+00,              3,              0,       1 meters
  15/07/2020 16:30:53.763,   1.754255e+00,   0.000000e+00,   1.797687e+04,   0.000000e+00,   4.037305e+02,   0.000000e+00,   1.786369e+00,   0.000000e+00,   4.111212e+02,   0.000000e+00,   1.404139e+02,   0.000000e+00,   2.844322e+01,   0.000000e+00,   2.920383e+01,   0.000000e+00,   8.511744e+00,   0.000000e+00,   1.080739e+01,   0.000000e+00,              3,              0,       1 meters
  15/07/2020 16:30:54.740,   1.753859e+00,   0.000000e+00,   1.795012e+04,   0.000000e+00,   4.041903e+02,   0.000000e+00,   1.785917e+00,   0.000000e+00,   4.115782e+02,   0.000000e+00,   1.405007e+02,   0.000000e+00,   2.844288e+01,   0.000000e+00,   2.920068e+01,   0.000000e+00,   8.512286e+00,   0.000000e+00,   1.080726e+01,   0.000000e+00,              3,              0,       1 meters
  15/07/2020 16:30:55.717,   1.751511e+00,   0.000000e+00,   1.794808e+04,   0.000000e+00,   4.040544e+02,   0.000000e+00,   1.783522e+00,   0.000000e+00,   4.114390e+02,   0.000000e+00,   1.404504e+02,   0.000000e+00,   2.844254e+01,   0.000000e+00,   2.920246e+01,   0.000000e+00,   8.513099e+00,   0.000000e+00,   1.080934e+01,   0.000000e+00,              3,              0,       1 meters
  15/07/2020 16:30:56.694,   1.754533e+00,   0.000000e+00,   1.795323e+04,   0.000000e+00,   4.039460e+02,   0.000000e+00,   1.786608e+00,   0.000000e+00,   4.113308e+02,   0.000000e+00,   1.403989e+02,   0.000000e+00,   2.844193e+01,   0.000000e+00,   2.920393e+01,   0.000000e+00,   8.509986e+00,   0.000000e+00,   1.080689e+01,   0.000000e+00,              3,              0,       1 meters
  15/07/2020 16:30:57.671,   1.753133e+00,   0.000000e+00,   1.799941e+04,   0.000000e+00,   4.037118e+02,   0.000000e+00,   1.785267e+00,   0.000000e+00,   4.111115e+02,   0.000000e+00,   1.405281e+02,   0.000000e+00,   2.844061e+01,   0.000000e+00,   2.920044e+01,   0.000000e+00,   8.509758e+00,   0.000000e+00,   1.081236e+01,   0.000000e+00,              3,              0,       1 meters
  15/07/2020 16:30:58.648,   1.754170e+00,   0.000000e+00,   1.796318e+04,   0.000000e+00,   4.034644e+02,   0.000000e+00,   1.786257e+00,   0.000000e+00,   4.108445e+02,   0.000000e+00,   1.404528e+02,   0.000000e+00,   2.844070e+01,   0.000000e+00,   2.920183e+01,   0.000000e+00,   8.514531e+00,   0.000000e+00,   1.081372e+01,   0.000000e+00,              3,              0,       1 meters
  15/07/2020 16:30:59.624,   1.754425e+00,   0.000000e+00,   1.797662e+04,   0.000000e+00,   4.039029e+02,   0.000000e+00,   1.786541e+00,   0.000000e+00,   4.112966e+02,   0.000000e+00,   1.403999e+02,   0.000000e+00,   2.843978e+01,   0.000000e+00,   2.920576e+01,   0.000000e+00,   8.512989e+00,   0.000000e+00,   1.081866e+01,   0.000000e+00,              3,              0,       1 meters
  15/07/2020 16:31:00.602,   1.753383e+00,   0.000000e+00,   1.801252e+04,   0.000000e+00,   4.037231e+02,   0.000000e+00,   1.785545e+00,   0.000000e+00,   4.111286e+02,   0.000000e+00,   1.404600e+02,   0.000000e+00,   2.843912e+01,   0.000000e+00,   2.920537e+01,   0.000000e+00,   8.514128e+00,   0.000000e+00,   1.081520e+01,   0.000000e+00,              3,              0,       1 meters
  15/07/2020 16:31:01.578,   1.751609e+00,   0.000000e+00,   1.786173e+04,   0.000000e+00,   4.038880e+02,   0.000000e+00,   1.783464e+00,   0.000000e+00,   4.112333e+02,   0.000000e+00,   1.404960e+02,   0.000000e+00,   2.843828e+01,   0.000000e+00,   2.920856e+01,   0.000000e+00,   8.511987e+00,   0.000000e+00,   1.081364e+01,   0.000000e+00,              3,              0,       1 meters
  15/07/2020 16:31:02.555,   1.754494e+00,   0.000000e+00,   1.797167e+04,   0.000000e+00,   4.045261e+02,   0.000000e+00,   1.786602e+00,   0.000000e+00,   4.119291e+02,   0.000000e+00,   1.404120e+02,   0.000000e+00,   2.843822e+01,   0.000000e+00,   2.921183e+01,   0.000000e+00,   8.512743e+00,   0.000000e+00,   1.081430e+01,   0.000000e+00,              3,              0,       1 meters
  15/07/2020 16:31:03.532,   1.753654e+00,   0.000000e+00,   1.802080e+04,   0.000000e+00,   4.044734e+02,   0.000000e+00,   1.785836e+00,   0.000000e+00,   4.118961e+02,   0.000000e+00,   1.404426e+02,   0.000000e+00,   2.843688e+01,   0.000000e+00,   2.921142e+01,   0.000000e+00,   8.517564e+00,   0.000000e+00,   1.081306e+01,   0.000000e+00,              3,              0,       1 meters
  15/07/2020 16:31:04.509,   1.752877e+00,   0.000000e+00,   1.802968e+04,   0.000000e+00,   4.046340e+02,   0.000000e+00,   1.785061e+00,   0.000000e+00,   4.120634e+02,   0.000000e+00,   1.405123e+02,   0.000000e+00,   2.843621e+01,   0.000000e+00,   2.920943e+01,   0.000000e+00,   8.510549e+00,   0.000000e+00,   1.081306e+01,   0.000000e+00,              3,              0,       1 meters
  15/07/2020 16:31:05.487,   1.752259e+00,   0.000000e+00,   1.797716e+04,   0.000000e+00,   4.054290e+02,   0.000000e+00,   1.784336e+00,   0.000000e+00,   4.128508e+02,   0.000000e+00,   1.404231e+02,   0.000000e+00,   2.843640e+01,   0.000000e+00,   2.921289e+01,   0.000000e+00,   8.516403e+00,   0.000000e+00,   1.080718e+01,   0.000000e+00,              3,              0,       1 meters
  15/07/2020 16:31:06.463,   1.754019e+00,   0.000000e+00,   1.800653e+04,   0.000000e+00,   4.063612e+02,   0.000000e+00,   1.786182e+00,   0.000000e+00,   4.138125e+02,   0.000000e+00,   1.404092e+02,   0.000000e+00,   2.843607e+01,   0.000000e+00,   2.921044e+01,   0.000000e+00,   8.511367e+00,   0.000000e+00,   1.080701e+01,   0.000000e+00,              3,              0,       1 meters
  15/07/2020 16:31:07.441,   1.754145e+00,   0.000000e+00,   1.803157e+04,   0.000000e+00,   4.069247e+02,   0.000000e+00,   1.786356e+00,   0.000000e+00,   4.143969e+02,   0.000000e+00,   1.404992e+02,   0.000000e+00,   2.843507e+01,   0.000000e+00,   2.920979e+01,   0.000000e+00,   8.512769e+00,   0.000000e+00,   1.080633e+01,   0.000000e+00,              3,              0,       1 meters
  15/07/2020 16:31:08.418,   1.752655e+00,   0.000000e+00,   1.798912e+04,   0.000000e+00,   4.073849e+02,   0.000000e+00,   1.784762e+00,   0.000000e+00,   4.148477e+02,   0.000000e+00,   1.404467e+02,   0.000000e+00,   2.843500e+01,   0.000000e+00,   2.921158e+01,   0.000000e+00,   8.508628e+00,   0.000000e+00,   1.080919e+01,   0.000000e+00,              3,              0,       1 meters
  15/07/2020 16:31:09.395,   1.755133e+00,   0.000000e+00,   1.802181e+04,   0.000000e+00,   4.080361e+02,   0.000000e+00,   1.787344e+00,   0.000000e+00,   4.155246e+02,   0.000000e+00,   1.404054e+02,   0.000000e+00,   2.843405e+01,   0.000000e+00,   2.921284e+01,   0.000000e+00,   8.508296e+00,   0.000000e+00,   1.081299e+01,   0.000000e+00,              3,              0,       1 meters
  15/07/2020 16:31:10.372,   1.754437e+00,   0.000000e+00,   1.806629e+04,   0.000000e+00,   4.090776e+02,   0.000000e+00,   1.786716e+00,   0.000000e+00,   4.166041e+02,   0.000000e+00,   1.404938e+02,   0.000000e+00,   2.843331e+01,   0.000000e+00,   2.920853e+01,   0.000000e+00,   8.512921e+00,   0.000000e+00,   1.081010e+01,   0.000000e+00,              3,              0,       1 meters
  15/07/2020 16:31:11.347,   1.753578e+00,   0.000000e+00,   1.804127e+04,   0.000000e+00,   4.111833e+02,   0.000000e+00,   1.785796e+00,   0.000000e+00,   4.187379e+02,   0.000000e+00,   1.404561e+02,   0.000000e+00,   2.843319e+01,   0.000000e+00,   2.920865e+01,   0.000000e+00,   8.512969e+00,   0.000000e+00,   1.080636e+01,   0.000000e+00,              3,              0,       1 meters
  15/07/2020 16:31:12.324,   1.754449e+00,   0.000000e+00,   1.814320e+04,   0.000000e+00,   4.131302e+02,   0.000000e+00,   1.786868e+00,   0.000000e+00,   4.207642e+02,   0.000000e+00,   1.403999e+02,   0.000000e+00,   2.843251e+01,   0.000000e+00,   2.921204e+01,   0.000000e+00,   8.512464e+00,   0.000000e+00,   1.081359e+01,   0.000000e+00,              3,              0,       1 meters
  15/07/2020 16:31:13.301,   1.754235e+00,   0.000000e+00,   1.813538e+04,   0.000000e+00,   4.152834e+02,   0.000000e+00,   1.786636e+00,   0.000000e+00,   4.229538e+02,   0.000000e+00,   1.404646e+02,   0.000000e+00,   2.843146e+01,   0.000000e+00,   2.921211e+01,   0.000000e+00,   8.507682e+00,   0.000000e+00,   1.080955e+01,   0.000000e+00,              3,              0,       1 meters
  15/07/2020 16:31:14.278,   1.754294e+00,   0.000000e+00,   1.806691e+04,   0.000000e+00,   4.170210e+02,   0.000000e+00,   1.786572e+00,   0.000000e+00,   4.246939e+02,   0.000000e+00,   1.404750e+02,   0.000000e+00,   2.843070e+01,   0.000000e+00,   2.921665e+01,   0.000000e+00,   8.511514e+00,   0.000000e+00,   1.080950e+01,   0.000000e+00,              3,              0,       1 meters
  15/07/2020 16:31:15.255,   1.755121e+00,   0.000000e+00,   1.811518e+04,   0.000000e+00,   4.174314e+02,   0.000000e+00,   1.787502e+00,   0.000000e+00,   4.251328e+02,   0.000000e+00,   1.403923e+02,   0.000000e+00,   2.843052e+01,   0.000000e+00,   2.921767e+01,   0.000000e+00,   8.509331e+00,   0.000000e+00,   1.081298e+01,   0.000000e+00,              3,              0,       1 meters
  15/07/2020 16:31:16.232,   1.754796e+00,   0.000000e+00,   1.809900e+04,   0.000000e+00,   4.182359e+02,   0.000000e+00,   1.787141e+00,   0.000000e+00,   4.259450e+02,   0.000000e+00,   1.404567e+02,   0.000000e+00,   2.842978e+01,   0.000000e+00,   2.921727e+01,   0.000000e+00,   8.516307e+00,   0.000000e+00,   1.081600e+01,   0.000000e+00,              3,              0,       1 meters
  15/07/2020 16:31:17.209,   1.752887e+00,   0.000000e+00,   1.805485e+04,   0.000000e+00,   4.185542e+02,   0.000000e+00,   1.785117e+00,   0.000000e+00,   4.262501e+02,   0.000000e+00,   1.405110e+02,   0.000000e+00,   2.842895e+01,   0.000000e+00,   2.921597e+01,   0.000000e+00,   8.511163e+00,   0.000000e+00,   1.081252e+01,   0.000000e+00,              3,              0,       1 meters
  15/07/2020 16:31:18.188,   1.751931e+00,   0.000000e+00,   1.810554e+04,   0.000000e+00,   4.182724e+02,   0.000000e+00,   1.784236e+00,   0.000000e+00,   4.259851e+02,   0.000000e+00,   1.403979e+02,   0.000000e+00,   2.842858e+01,   0.000000e+00,   2.921903e+01,   0.000000e+00,   8.515578e+00,   0.000000e+00,   1.081645e+01,   0.000000e+00,              3,              0,       1 meters
  15/07/2020 16:31:19.163,   1.755072e+00,   0.000000e+00,   1.815199e+04,   0.000000e+00,   4.181282e+02,   0.000000e+00,   1.787519e+00,   0.000000e+00,   4.258584e+02,   0.000000e+00,   1.404141e+02,   0.000000e+00,   2.842795e+01,   0.000000e+00,   2.921785e+01,   0.000000e+00,   8.511045e+00,   0.000000e+00,   1.081146e+01,   0.000000e+00,              3,              0,       1 meters
  15/07/2020 16:31:20.140,   1.753656e+00,   0.000000e+00,   1.814975e+04,   0.000000e+00,   4.172159e+02,   0.000000e+00,   1.786073e+00,   0.000000e+00,   4.249283e+02,   0.000000e+00,   1.404960e+02,   0.000000e+00,   2.842713e+01,   0.000000e+00,   2.921712e+01,   0.000000e+00,   8.512352e+00,   0.000000e+00,   1.080638e+01,   0.000000e+00,              3,              0,       1 meters
  15/07/2020 16:31:21.116,   1.753509e+00,   0.000000e+00,   1.808912e+04,   0.000000e+00,   4.164989e+02,   0.000000e+00,   1.785813e+00,   0.000000e+00,   4.241718e+02,   0.000000e+00,   1.404349e+02,   0.000000e+00,   2.842639e+01,   0.000000e+00,   2.921885e+01,   0.000000e+00,   8.510945e+00,   0.000000e+00,   1.081266e+01,   0.000000e+00,              3,              0,       1 meters
  15/07/2020 16:31:22.094,   1.754485e+00,   0.000000e+00,   1.821093e+04,   0.000000e+00,   4.167503e+02,   0.000000e+00,   1.787029e+00,   0.000000e+00,   4.244804e+02,   0.000000e+00,   1.404045e+02,   0.000000e+00,   2.842561e+01,   0.000000e+00,   2.921788e+01,   0.000000e+00,   8.511163e+00,   0.000000e+00,   1.080593e+01,   0.000000e+00,              3,              0,       1 meters
  15/07/2020 16:31:23.071,   1.753099e+00,   0.000000e+00,   1.821883e+04,   0.000000e+00,   4.157261e+02,   0.000000e+00,   1.785631e+00,   0.000000e+00,   4.234407e+02,   0.000000e+00,   1.404924e+02,   0.000000e+00,   2.842494e+01,   0.000000e+00,   2.921814e+01,   0.000000e+00,   8.507785e+00,   0.000000e+00,   1.081128e+01,   0.000000e+00,              3,              0,       1 meters
  15/07/2020 16:31:24.047,   1.752491e+00,   0.000000e+00,   1.816141e+04,   0.000000e+00,   4.148673e+02,   0.000000e+00,   1.784908e+00,   0.000000e+00,   4.225412e+02,   0.000000e+00,   1.404476e+02,   0.000000e+00,   2.842421e+01,   0.000000e+00,   2.922024e+01,   0.000000e+00,   8.509007e+00,   0.000000e+00,   1.081054e+01,   0.000000e+00,              3,              0,       1 meters
  15/07/2020 16:31:25.024,   1.753166e+00,   0.000000e+00,   1.823348e+04,   0.000000e+00,   4.144108e+02,   0.000000e+00,   1.785726e+00,   0.000000e+00,   4.221073e+02,   0.000000e+00,   1.403982e+02,   0.000000e+00,   2.842376e+01,   0.000000e+00,   2.921970e+01,   0.000000e+00,   8.511767e+00,   0.000000e+00,   1.081136e+01,   0.000000e+00,              3,              0,       1 meters
  15/07/2020 16:31:26.001,   1.752754e+00,   0.000000e+00,   1.825097e+04,   0.000000e+00,   4.146436e+02,   0.000000e+00,   1.785338e+00,   0.000000e+00,   4.223519e+02,   0.000000e+00,   1.404627e+02,   0.000000e+00,   2.842301e+01,   0.000000e+00,   2.921892e+01,   0.000000e+00,   8.511784e+00,   0.000000e+00,   1.080664e+01,   0.000000e+00,              3,              0,       1 meters
  15/07/2020 16:31:26.979,   1.750147e+00,   0.000000e+00,   1.830615e+04,   0.000000e+00,   4.136070e+02,   0.000000e+00,   1.782782e+00,   0.000000e+00,   4.213198e+02,   0.000000e+00,   1.405051e+02,   0.000000e+00,   2.842241e+01,   0.000000e+00,   2.921651e+01,   0.000000e+00,   8.516887e+00,   0.000000e+00,   1.080923e+01,   0.000000e+00,              3,              0,       1 meters
  15/07/2020 16:31:27.955,   1.751711e+00,   0.000000e+00,   1.829812e+04,   0.000000e+00,   4.133218e+02,   0.000000e+00,   1.784362e+00,   0.000000e+00,   4.210257e+02,   0.000000e+00,   1.404050e+02,   0.000000e+00,   2.842227e+01,   0.000000e+00,   2.921936e+01,   0.000000e+00,   8.512188e+00,   0.000000e+00,   1.081240e+01,   0.000000e+00,              3,              0,       1 meters
  15/07/2020 16:31:28.932,   1.751963e+00,   0.000000e+00,   1.834205e+04,   0.000000e+00,   4.126154e+02,   0.000000e+00,   1.784698e+00,   0.000000e+00,   4.203251e+02,   0.000000e+00,   1.404705e+02,   0.000000e+00,   2.842147e+01,   0.000000e+00,   2.921686e+01,   0.000000e+00,   8.510059e+00,   0.000000e+00,   1.081293e+01,   0.000000e+00,              3,              0,       1 meters
  15/07/2020 16:31:29.910,   1.751544e+00,   0.000000e+00,   1.831083e+04,   0.000000e+00,   4.125640e+02,   0.000000e+00,   1.784215e+00,   0.000000e+00,   4.202593e+02,   0.000000e+00,   1.405056e+02,   0.000000e+00,   2.842110e+01,   0.000000e+00,   2.921774e+01,   0.000000e+00,   8.510297e+00,   0.000000e+00,   1.081423e+01,   0.000000e+00,              3,              0,       1 meters
  15/07/2020 16:31:30.887,   1.750594e+00,   0.000000e+00,   1.828130e+04,   0.000000e+00,   4.125369e+02,   0.000000e+00,   1.783194e+00,   0.000000e+00,   4.202190e+02,   0.000000e+00,   1.404241e+02,   0.000000e+00,   2.842085e+01,   0.000000e+00,   2.921915e+01,   0.000000e+00,   8.511720e+00,   0.000000e+00,   1.080832e+01,   0.000000e+00,              3,              0,       1 meters
  15/07/2020 16:31:31.863,   1.750623e+00,   0.000000e+00,   1.836066e+04,   0.000000e+00,   4.127398e+02,   0.000000e+00,   1.783367e+00,   0.000000e+00,   4.204597e+02,   0.000000e+00,   1.404329e+02,   0.000000e+00,   2.842012e+01,   0.000000e+00,   2.921763e+01,   0.000000e+00,   8.513283e+00,   0.000000e+00,   1.081183e+01,   0.000000e+00,              3,              0,       1 meters
  15/07/2020 16:31:32.841,   1.751471e+00,   0.000000e+00,   1.834472e+04,   0.000000e+00,   4.124589e+02,   0.000000e+00,   1.784202e+00,   0.000000e+00,   4.201668e+02,   0.000000e+00,   1.405084e+02,   0.000000e+00,   2.841922e+01,   0.000000e+00,   2.921545e+01,   0.000000e+00,   8.511672e+00,   0.000000e+00,   1.081272e+01,   0.000000e+00,              3,              0,       1 meters
  15/07/2020 16:31:33.817,   1.749738e+00,   0.000000e+00,   1.838583e+04,   0.000000e+00,   4.122194e+02,   0.000000e+00,   1.782511e+00,   0.000000e+00,   4.199403e+02,   0.000000e+00,   1.404703e+02,   0.000000e+00,   2.841951e+01,   0.000000e+00,   2.921465e+01,   0.000000e+00,   8.513195e+00,   0.000000e+00,   1.081151e+01,   0.000000e+00,              3,              0,       1 meters
  15/07/2020 16:31:34.795,   1.752792e+00,   0.000000e+00,   1.843331e+04,   0.000000e+00,   4.121440e+02,   0.000000e+00,   1.785708e+00,   0.000000e+00,   4.198838e+02,   0.000000e+00,   1.404156e+02,   0.000000e+00,   2.841837e+01,   0.000000e+00,   2.921560e+01,   0.000000e+00,   8.511951e+00,   0.000000e+00,   1.081379e+01,   0.000000e+00,              3,              0,       1 meters
  15/07/2020 16:31:35.770,   1.751172e+00,   0.000000e+00,   1.849742e+04,   0.000000e+00,   4.123969e+02,   0.000000e+00,   1.784174e+00,   0.000000e+00,   4.201689e+02,   0.000000e+00,   1.405090e+02,   0.000000e+00,   2.841749e+01,   0.000000e+00,   2.921143e+01,   0.000000e+00,   8.510276e+00,   0.000000e+00,   1.080880e+01,   0.000000e+00,              3,              0,       1 meters
  15/07/2020 16:31:36.747,   1.751904e+00,   0.000000e+00,   1.841362e+04,   0.000000e+00,   4.121668e+02,   0.000000e+00,   1.784768e+00,   0.000000e+00,   4.198987e+02,   0.000000e+00,   1.404826e+02,   0.000000e+00,   2.841702e+01,   0.000000e+00,   2.921130e+01,   0.000000e+00,   8.511087e+00,   0.000000e+00,   1.080905e+01,   0.000000e+00,              3,              0,       1 meters
  15/07/2020 16:31:37.724,   1.751777e+00,   0.000000e+00,   1.839046e+04,   0.000000e+00,   4.117179e+02,   0.000000e+00,   1.784596e+00,   0.000000e+00,   4.194315e+02,   0.000000e+00,   1.403892e+02,   0.000000e+00,   2.841672e+01,   0.000000e+00,   2.921282e+01,   0.000000e+00,   8.513026e+00,   0.000000e+00,   1.080879e+01,   0.000000e+00,              3,              0,       1 meters
  15/07/2020 16:31:38.701,   1.751971e+00,   0.000000e+00,   1.841476e+04,   0.000000e+00,   4.114591e+02,   0.000000e+00,   1.784838e+00,   0.000000e+00,   4.191781e+02,   0.000000e+00,   1.404734e+02,   0.000000e+00,   2.841611e+01,   0.000000e+00,   2.921028e+01,   0.000000e+00,   8.506843e+00,   0.000000e+00,   1.081276e+01,   0.000000e+00,              3,              0,       1 meters
  15/07/2020 16:31:39.677,   1.749996e+00,   0.000000e+00,   1.838499e+04,   0.000000e+00,   4.108093e+02,   0.000000e+00,   1.782772e+00,   0.000000e+00,   4.185035e+02,   0.000000e+00,   1.405069e+02,   0.000000e+00,   2.841563e+01,   0.000000e+00,   2.921256e+01,   0.000000e+00,   8.509103e+00,   0.000000e+00,   1.081224e+01,   0.000000e+00,              3,              0,       1 meters
  15/07/2020 16:31:40.654,   1.752568e+00,   0.000000e+00,   1.843783e+04,   0.000000e+00,   4.106984e+02,   0.000000e+00,   1.785489e+00,   0.000000e+00,   4.184130e+02,   0.000000e+00,   1.403924e+02,   0.000000e+00,   2.841536e+01,   0.000000e+00,   2.921436e+01,   0.000000e+00,   8.508141e+00,   0.000000e+00,   1.081056e+01,   0.000000e+00,              3,              0,       1 meters
  15/07/2020 16:31:41.631,   1.753441e+00,   0.000000e+00,   1.839266e+04,   0.000000e+00,   4.108852e+02,   0.000000e+00,   1.786296e+00,   0.000000e+00,   4.185841e+02,   0.000000e+00,   1.404724e+02,   0.000000e+00,   2.841457e+01,   0.000000e+00,   2.921220e+01,   0.000000e+00,   8.510795e+00,   0.000000e+00,   1.081031e+01,   0.000000e+00,              3,              0,       1 meters
  15/07/2020 16:31:42.609,   1.751335e+00,   0.000000e+00,   1.849065e+04,   0.000000e+00,   4.099568e+02,   0.000000e+00,   1.784328e+00,   0.000000e+00,   4.176800e+02,   0.000000e+00,   1.405115e+02,   0.000000e+00,   2.841405e+01,   0.000000e+00,   2.921096e+01,   0.000000e+00,   8.510414e+00,   0.000000e+00,   1.080890e+01,   0.000000e+00,              3,              0,       1 meters
  15/07/2020 16:31:43.587,   1.751377e+00,   0.000000e+00,   1.832967e+04,   0.000000e+00,   4.101821e+02,   0.000000e+00,   1.784079e+00,   0.000000e+00,   4.178410e+02,   0.000000e+00,   1.404312e+02,   0.000000e+00,   2.841400e+01,   0.000000e+00,   2.921052e+01,   0.000000e+00,   8.512433e+00,   0.000000e+00,   1.080653e+01,   0.000000e+00,              3,              0,       1 meters
  15/07/2020 16:31:44.563,   1.751148e+00,   0.000000e+00,   1.848789e+04,   0.000000e+00,   4.098821e+02,   0.000000e+00,   1.784133e+00,   0.000000e+00,   4.176026e+02,   0.000000e+00,   1.404350e+02,   0.000000e+00,   2.841339e+01,   0.000000e+00,   2.920873e+01,   0.000000e+00,   8.511662e+00,   0.000000e+00,   1.081409e+01,   0.000000e+00,              3,              0,       1 meters
  15/07/2020 16:31:45.540,   1.750639e+00,   0.000000e+00,   1.847132e+04,   0.000000e+00,   4.102705e+02,   0.000000e+00,   1.783585e+00,   0.000000e+00,   4.179913e+02,   0.000000e+00,   1.405061e+02,   0.000000e+00,   2.841296e+01,   0.000000e+00,   2.920611e+01,   0.000000e+00,   8.515753e+00,   0.000000e+00,   1.081166e+01,   0.000000e+00,              3,              0,       1 meters
  15/07/2020 16:31:46.516,   1.752028e+00,   0.000000e+00,   1.846152e+04,   0.000000e+00,   4.097680e+02,   0.000000e+00,   1.784982e+00,   0.000000e+00,   4.174752e+02,   0.000000e+00,   1.404491e+02,   0.000000e+00,   2.841276e+01,   0.000000e+00,   2.920675e+01,   0.000000e+00,   8.513676e+00,   0.000000e+00,   1.081295e+01,   0.000000e+00,              3,              0,       1 meters
