VC:cf32204 BD:May 26 2016 SN:US4300161200001274
                     Time,      [CH4]_ppm,   [CH4]_ppm_sd,      [H2O]_ppm,   [H2O]_ppm_sd,      [CO2]_ppm,   [CO2]_ppm_sd,     [CH4]d_ppm,  [CH4]d_ppm_sd,     [CO2]d_ppm,  [CO2]d_ppm_sd,      GasP_torr,   GasP_torr_sd,         GasT_C,      GasT_C_sd,         AmbT_C,      AmbT_C_sd,         RD0_us,      RD0_us_sd,         RD1_us,      RD1_us_sd,       Fit_Flag,      MIU_VALVE,       MIU_DESC
  18/06/2020 12:22:01.236,   1.730137e+00,   0.000000e+00,   1.900655e+04,   0.000000e+00,   4.013453e+02,   0.000000e+00,   1.763658e+00,   0.000000e+00,   4.091212e+02,   0.000000e+00,   1.404013e+02,   0.000000e+00,   3.302963e+01,   0.000000e+00,   3.494086e+01,   0.000000e+00,   8.508027e+00,   0.000000e+00,   1.082022e+01,   0.000000e+00,              3,              0,       1 meters
  18/06/2020 12:22:01.452,   1.730155e+00,   0.000000e+00,   1.896948e+04,   0.000000e+00,   4.014288e+02,   0.000000e+00,   1.763610e+00,   0.000000e+00,   4.091909e+02,   0.000000e+00,   1.404073e+02,   0.000000e+00,   3.302965e+01,   0.000000e+00,   3.494393e+01,   0.000000e+00,   8.506959e+00,   0.000000e+00,   1.081584e+01,   0.000000e+00,              3,              0,       1 meters
  18/06/2020 12:22:02.423,   1.729165e+00,   0.000000e+00,   1.901177e+04,   0.000000e+00,   4.015201e+02,   0.000000e+00,   1.762677e+00,   0.000000e+00,   4.093016e+02,   0.000000e+00,   1.403521e+02,   0.000000e+00,   3.303010e+01,   0.000000e+00,   3.494040e+01,   0.000000e+00,   8.515551e+00,   0.000000e+00,   1.081226e+01,   0.000000e+00,              3,              0,       1 meters
  18/06/2020 12:22:03.401,   1.729884e+00,   0.000000e+00,   1.904582e+04,   0.000000e+00,   4.014402e+02,   0.000000e+00,   1.763471e+00,   0.000000e+00,   4.092344e+02,   0.000000e+00,   1.404134e+02,   0.000000e+00,   3.302969e+01,   0.000000e+00,   3.493692e+01,   0.000000e+00,   8.509263e+00,   0.000000e+00,   1.081557e+01,   0.000000e+00,              3,              0,       1 meters
  18/06/2020 12:22:04.375,   1.726684e+00,   0.000000e+00,   1.905028e+04,   0.000000e+00,   4.012410e+02,   0.000000e+00,   1.760217e+00,   0.000000e+00,   4.090332e+02,   0.000000e+00,   1.404534e+02,   0.000000e+00,   3.302959e+01,   0.000000e+00,   3.493521e+01,   0.000000e+00,   8.512262e+00,   0.000000e+00,   1.081581e+01,   0.000000e+00,              3,              0,       1 meters
  18/06/2020 12:22:05.355,   1.730232e+00,   0.000000e+00,   1.901665e+04,   0.000000e+00,   4.013388e+02,   0.000000e+00,   1.763773e+00,   0.000000e+00,   4.091189e+02,   0.000000e+00,   1.403762e+02,   0.000000e+00,   3.303090e+01,   0.000000e+00,   3.493795e+01,   0.000000e+00,   8.512881e+00,   0.000000e+00,   1.081934e+01,   0.000000e+00,              3,              0,       1 meters
  18/06/2020 12:22:06.330,   1.729893e+00,   0.000000e+00,   1.903560e+04,   0.000000e+00,   4.012258e+02,   0.000000e+00,   1.763461e+00,   0.000000e+00,   4.090116e+02,   0.000000e+00,   1.403889e+02,   0.000000e+00,   3.303004e+01,   0.000000e+00,   3.493780e+01,   0.000000e+00,   8.509895e+00,   0.000000e+00,   1.081586e+01,   0.000000e+00,              3,              0,       1 meters
  18/06/2020 12:22:07.306,   1.730637e+00,   0.000000e+00,   1.908577e+04,   0.000000e+00,   4.012082e+02,   0.000000e+00,   1.764310e+00,   0.000000e+00,   4.090146e+02,   0.000000e+00,   1.404626e+02,   0.000000e+00,   3.302894e+01,   0.000000e+00,   3.493576e+01,   0.000000e+00,   8.512277e+00,   0.000000e+00,   1.081432e+01,   0.000000e+00,              3,              0,       1 meters
  18/06/2020 12:22:08.951,   1.728973e+00,   0.000000e+00,   1.901521e+04,   0.000000e+00,   4.013389e+02,   0.000000e+00,   1.762487e+00,   0.000000e+00,   4.091184e+02,   0.000000e+00,   1.403878e+02,   0.000000e+00,   3.302887e+01,   0.000000e+00,   3.493621e+01,   0.000000e+00,   8.510874e+00,   0.000000e+00,   1.081670e+01,   0.000000e+00,              3,              0,       1 meters
  18/06/2020 12:22:09.279,   1.730807e+00,   0.000000e+00,   1.901960e+04,   0.000000e+00,   4.012944e+02,   0.000000e+00,   1.764365e+00,   0.000000e+00,   4.090749e+02,   0.000000e+00,   1.402656e+02,   0.000000e+00,   3.303492e+01,   0.000000e+00,   3.493726e+01,   0.000000e+00,   8.510831e+00,   0.000000e+00,   1.081347e+01,   0.000000e+00,              3,              0,       1 meters
  18/06/2020 12:22:10.256,   1.729260e+00,   0.000000e+00,   1.908131e+04,   0.000000e+00,   4.013840e+02,   0.000000e+00,   1.762898e+00,   0.000000e+00,   4.091919e+02,   0.000000e+00,   1.404356e+02,   0.000000e+00,   3.303004e+01,   0.000000e+00,   3.493402e+01,   0.000000e+00,   8.512811e+00,   0.000000e+00,   1.081058e+01,   0.000000e+00,              3,              0,       1 meters
  18/06/2020 12:22:11.231,   1.729108e+00,   0.000000e+00,   1.901875e+04,   0.000000e+00,   4.010821e+02,   0.000000e+00,   1.762632e+00,   0.000000e+00,   4.088581e+02,   0.000000e+00,   1.404393e+02,   0.000000e+00,   3.303132e+01,   0.000000e+00,   3.493429e+01,   0.000000e+00,   8.511902e+00,   0.000000e+00,   1.082007e+01,   0.000000e+00,              3,              0,       1 meters
  18/06/2020 12:22:12.209,   1.728499e+00,   0.000000e+00,   1.906359e+04,   0.000000e+00,   4.010640e+02,   0.000000e+00,   1.762091e+00,   0.000000e+00,   4.088583e+02,   0.000000e+00,   1.403490e+02,   0.000000e+00,   3.302851e+01,   0.000000e+00,   3.493788e+01,   0.000000e+00,   8.513567e+00,   0.000000e+00,   1.082037e+01,   0.000000e+00,              3,              0,       1 meters
  18/06/2020 12:22:13.187,   1.728007e+00,   0.000000e+00,   1.907783e+04,   0.000000e+00,   4.013790e+02,   0.000000e+00,   1.761614e+00,   0.000000e+00,   4.091853e+02,   0.000000e+00,   1.404415e+02,   0.000000e+00,   3.302880e+01,   0.000000e+00,   3.493155e+01,   0.000000e+00,   8.512861e+00,   0.000000e+00,   1.082056e+01,   0.000000e+00,              3,              0,       1 meters
  18/06/2020 12:22:14.162,   1.727354e+00,   0.000000e+00,   1.902641e+04,   0.000000e+00,   4.013056e+02,   0.000000e+00,   1.760856e+00,   0.000000e+00,   4.090891e+02,   0.000000e+00,   1.404432e+02,   0.000000e+00,   3.302991e+01,   0.000000e+00,   3.493150e+01,   0.000000e+00,   8.516643e+00,   0.000000e+00,   1.081521e+01,   0.000000e+00,              3,              0,       1 meters
  18/06/2020 12:22:15.140,   1.730849e+00,   0.000000e+00,   1.910957e+04,   0.000000e+00,   4.015474e+02,   0.000000e+00,   1.764569e+00,   0.000000e+00,   4.093703e+02,   0.000000e+00,   1.403344e+02,   0.000000e+00,   3.302960e+01,   0.000000e+00,   3.493269e+01,   0.000000e+00,   8.514329e+00,   0.000000e+00,   1.081687e+01,   0.000000e+00,              3,              0,       1 meters
  18/06/2020 12:22:16.117,   1.730512e+00,   0.000000e+00,   1.911759e+04,   0.000000e+00,   4.011822e+02,   0.000000e+00,   1.764240e+00,   0.000000e+00,   4.090013e+02,   0.000000e+00,   1.404134e+02,   0.000000e+00,   3.302822e+01,   0.000000e+00,   3.493018e+01,   0.000000e+00,   8.509990e+00,   0.000000e+00,   1.081735e+01,   0.000000e+00,              3,              0,       1 meters
  18/06/2020 12:22:17.136,   1.729324e+00,   0.000000e+00,   1.905145e+04,   0.000000e+00,   4.013766e+02,   0.000000e+00,   1.762910e+00,   0.000000e+00,   4.091719e+02,   0.000000e+00,   1.404516e+02,   0.000000e+00,   3.303420e+01,   0.000000e+00,   3.492887e+01,   0.000000e+00,   8.509583e+00,   0.000000e+00,   1.081969e+01,   0.000000e+00,              3,              0,       1 meters
  18/06/2020 12:22:18.120,   1.728025e+00,   0.000000e+00,   1.902797e+04,   0.000000e+00,   4.012965e+02,   0.000000e+00,   1.761544e+00,   0.000000e+00,   4.090805e+02,   0.000000e+00,   1.404410e+02,   0.000000e+00,   3.303826e+01,   0.000000e+00,   3.492980e+01,   0.000000e+00,   8.513589e+00,   0.000000e+00,   1.081548e+01,   0.000000e+00,              3,              0,       1 meters
