VC:cf32204 BD:May 26 2016 SN:US4300161200001274
                     Time,      [CH4]_ppm,   [CH4]_ppm_sd,      [H2O]_ppm,   [H2O]_ppm_sd,      [CO2]_ppm,   [CO2]_ppm_sd,     [CH4]d_ppm,  [CH4]d_ppm_sd,     [CO2]d_ppm,  [CO2]d_ppm_sd,      GasP_torr,   GasP_torr_sd,         GasT_C,      GasT_C_sd,         AmbT_C,      AmbT_C_sd,         RD0_us,      RD0_us_sd,         RD1_us,      RD1_us_sd,       Fit_Flag,      MIU_VALVE,       MIU_DESC
  19/06/2019 12:29:20.021,   1.715216e+00,   0.000000e+00,   2.383087e+04,   0.000000e+00,   4.060926e+02,   0.000000e+00,   1.757089e+00,   0.000000e+00,   4.160064e+02,   0.000000e+00,   1.404557e+02,   0.000000e+00,   2.853924e+01,   0.000000e+00,   3.007755e+01,   0.000000e+00,   8.491496e+00,   0.000000e+00,   1.080117e+01,   0.000000e+00,              3,              0,       1 meters
  19/06/2019 12:29:20.382,   1.715150e+00,   0.000000e+00,   2.378335e+04,   0.000000e+00,   4.066774e+02,   0.000000e+00,   1.756936e+00,   0.000000e+00,   4.165851e+02,   0.000000e+00,   1.404376e+02,   0.000000e+00,   2.854025e+01,   0.000000e+00,   3.008425e+01,   0.000000e+00,   8.488898e+00,   0.000000e+00,   1.080078e+01,   0.000000e+00,              3,              0,       1 meters
  19/06/2019 12:29:21.362,   1.717307e+00,   0.000000e+00,   2.375470e+04,   0.000000e+00,   4.078717e+02,   0.000000e+00,   1.759093e+00,   0.000000e+00,   4.177964e+02,   0.000000e+00,   1.404272e+02,   0.000000e+00,   2.853992e+01,   0.000000e+00,   3.007939e+01,   0.000000e+00,   8.489083e+00,   0.000000e+00,   1.080431e+01,   0.000000e+00,              3,              0,       1 meters
  19/06/2019 12:29:22.339,   1.715650e+00,   0.000000e+00,   2.374512e+04,   0.000000e+00,   4.095947e+02,   0.000000e+00,   1.757379e+00,   0.000000e+00,   4.195571e+02,   0.000000e+00,   1.404746e+02,   0.000000e+00,   2.853974e+01,   0.000000e+00,   3.008048e+01,   0.000000e+00,   8.489887e+00,   0.000000e+00,   1.079824e+01,   0.000000e+00,              3,              0,       1 meters
  19/06/2019 12:29:23.316,   1.715630e+00,   0.000000e+00,   2.370852e+04,   0.000000e+00,   4.120110e+02,   0.000000e+00,   1.757292e+00,   0.000000e+00,   4.220163e+02,   0.000000e+00,   1.404092e+02,   0.000000e+00,   2.853992e+01,   0.000000e+00,   3.008207e+01,   0.000000e+00,   8.486061e+00,   0.000000e+00,   1.080323e+01,   0.000000e+00,              3,              0,       1 meters
  19/06/2019 12:29:24.291,   1.712945e+00,   0.000000e+00,   2.376988e+04,   0.000000e+00,   4.127427e+02,   0.000000e+00,   1.754653e+00,   0.000000e+00,   4.227925e+02,   0.000000e+00,   1.404928e+02,   0.000000e+00,   2.853985e+01,   0.000000e+00,   3.008270e+01,   0.000000e+00,   8.494996e+00,   0.000000e+00,   1.080159e+01,   0.000000e+00,              3,              0,       1 meters
  19/06/2019 12:29:25.271,   1.714984e+00,   0.000000e+00,   2.378707e+04,   0.000000e+00,   4.149123e+02,   0.000000e+00,   1.756772e+00,   0.000000e+00,   4.250223e+02,   0.000000e+00,   1.403901e+02,   0.000000e+00,   2.854003e+01,   0.000000e+00,   3.008581e+01,   0.000000e+00,   8.491122e+00,   0.000000e+00,   1.079807e+01,   0.000000e+00,              3,              0,       1 meters
  19/06/2019 12:29:26.253,   1.717244e+00,   0.000000e+00,   2.373212e+04,   0.000000e+00,   4.154537e+02,   0.000000e+00,   1.758989e+00,   0.000000e+00,   4.255530e+02,   0.000000e+00,   1.404993e+02,   0.000000e+00,   2.853964e+01,   0.000000e+00,   3.008579e+01,   0.000000e+00,   8.495419e+00,   0.000000e+00,   1.079941e+01,   0.000000e+00,              3,              0,       1 meters
  19/06/2019 12:29:27.231,   1.715809e+00,   0.000000e+00,   2.383444e+04,   0.000000e+00,   4.168039e+02,   0.000000e+00,   1.757703e+00,   0.000000e+00,   4.269807e+02,   0.000000e+00,   1.404123e+02,   0.000000e+00,   2.853972e+01,   0.000000e+00,   3.008745e+01,   0.000000e+00,   8.492968e+00,   0.000000e+00,   1.080745e+01,   0.000000e+00,              3,              0,       1 meters
  19/06/2019 12:29:28.212,   1.715197e+00,   0.000000e+00,   2.372193e+04,   0.000000e+00,   4.176867e+02,   0.000000e+00,   1.756873e+00,   0.000000e+00,   4.278357e+02,   0.000000e+00,   1.405174e+02,   0.000000e+00,   2.853971e+01,   0.000000e+00,   3.008538e+01,   0.000000e+00,   8.491117e+00,   0.000000e+00,   1.080155e+01,   0.000000e+00,              3,              0,       1 meters
  19/06/2019 12:29:29.188,   1.715096e+00,   0.000000e+00,   2.379752e+04,   0.000000e+00,   4.186357e+02,   0.000000e+00,   1.756906e+00,   0.000000e+00,   4.288410e+02,   0.000000e+00,   1.404148e+02,   0.000000e+00,   2.853976e+01,   0.000000e+00,   3.008768e+01,   0.000000e+00,   8.492899e+00,   0.000000e+00,   1.079581e+01,   0.000000e+00,              3,              0,       1 meters
  19/06/2019 12:29:30.166,   1.714886e+00,   0.000000e+00,   2.370542e+04,   0.000000e+00,   4.182228e+02,   0.000000e+00,   1.756526e+00,   0.000000e+00,   4.283777e+02,   0.000000e+00,   1.405046e+02,   0.000000e+00,   2.853954e+01,   0.000000e+00,   3.008438e+01,   0.000000e+00,   8.490250e+00,   0.000000e+00,   1.080271e+01,   0.000000e+00,              3,              0,       1 meters
  19/06/2019 12:29:31.143,   1.717434e+00,   0.000000e+00,   2.381891e+04,   0.000000e+00,   4.183814e+02,   0.000000e+00,   1.759340e+00,   0.000000e+00,   4.285899e+02,   0.000000e+00,   1.403846e+02,   0.000000e+00,   2.853956e+01,   0.000000e+00,   3.008854e+01,   0.000000e+00,   8.489013e+00,   0.000000e+00,   1.080333e+01,   0.000000e+00,              3,              0,       1 meters
  19/06/2019 12:29:32.119,   1.716533e+00,   0.000000e+00,   2.371766e+04,   0.000000e+00,   4.172240e+02,   0.000000e+00,   1.758234e+00,   0.000000e+00,   4.273599e+02,   0.000000e+00,   1.404829e+02,   0.000000e+00,   2.853972e+01,   0.000000e+00,   3.008611e+01,   0.000000e+00,   8.492853e+00,   0.000000e+00,   1.079953e+01,   0.000000e+00,              3,              0,       1 meters
  19/06/2019 12:29:33.098,   1.716475e+00,   0.000000e+00,   2.373433e+04,   0.000000e+00,   4.161068e+02,   0.000000e+00,   1.758205e+00,   0.000000e+00,   4.262229e+02,   0.000000e+00,   1.404019e+02,   0.000000e+00,   2.853982e+01,   0.000000e+00,   3.009061e+01,   0.000000e+00,   8.489760e+00,   0.000000e+00,   1.079815e+01,   0.000000e+00,              3,              0,       1 meters
  19/06/2019 12:29:34.112,   1.715407e+00,   0.000000e+00,   2.362935e+04,   0.000000e+00,   4.138636e+02,   0.000000e+00,   1.756922e+00,   0.000000e+00,   4.238796e+02,   0.000000e+00,   1.404618e+02,   0.000000e+00,   2.853943e+01,   0.000000e+00,   3.009027e+01,   0.000000e+00,   8.492412e+00,   0.000000e+00,   1.080548e+01,   0.000000e+00,              3,              0,       1 meters
  19/06/2019 12:29:35.050,   1.714553e+00,   0.000000e+00,   2.359321e+04,   0.000000e+00,   4.129191e+02,   0.000000e+00,   1.755982e+00,   0.000000e+00,   4.228966e+02,   0.000000e+00,   1.404467e+02,   0.000000e+00,   2.853954e+01,   0.000000e+00,   3.009340e+01,   0.000000e+00,   8.492492e+00,   0.000000e+00,   1.079736e+01,   0.000000e+00,              3,              0,       1 meters
  19/06/2019 12:29:36.028,   1.715493e+00,   0.000000e+00,   2.355854e+04,   0.000000e+00,   4.105509e+02,   0.000000e+00,   1.756883e+00,   0.000000e+00,   4.204562e+02,   0.000000e+00,   1.404897e+02,   0.000000e+00,   2.853925e+01,   0.000000e+00,   3.009279e+01,   0.000000e+00,   8.489494e+00,   0.000000e+00,   1.080300e+01,   0.000000e+00,              3,              0,       1 meters
  19/06/2019 12:29:37.004,   1.717694e+00,   0.000000e+00,   2.351383e+04,   0.000000e+00,   4.096945e+02,   0.000000e+00,   1.759056e+00,   0.000000e+00,   4.195600e+02,   0.000000e+00,   1.404220e+02,   0.000000e+00,   2.853951e+01,   0.000000e+00,   3.009417e+01,   0.000000e+00,   8.488776e+00,   0.000000e+00,   1.079894e+01,   0.000000e+00,              3,              0,       1 meters
  19/06/2019 12:29:37.981,   1.717526e+00,   0.000000e+00,   2.361905e+04,   0.000000e+00,   4.076613e+02,   0.000000e+00,   1.759074e+00,   0.000000e+00,   4.175228e+02,   0.000000e+00,   1.404778e+02,   0.000000e+00,   2.853905e+01,   0.000000e+00,   3.009089e+01,   0.000000e+00,   8.488813e+00,   0.000000e+00,   1.080146e+01,   0.000000e+00,              3,              0,       1 meters
  19/06/2019 12:29:38.959,   1.716948e+00,   0.000000e+00,   2.355704e+04,   0.000000e+00,   4.071642e+02,   0.000000e+00,   1.758370e+00,   0.000000e+00,   4.169872e+02,   0.000000e+00,   1.404065e+02,   0.000000e+00,   2.853916e+01,   0.000000e+00,   3.009221e+01,   0.000000e+00,   8.489730e+00,   0.000000e+00,   1.080093e+01,   0.000000e+00,              3,              0,       1 meters
  19/06/2019 12:29:39.938,   1.716591e+00,   0.000000e+00,   2.346871e+04,   0.000000e+00,   4.063772e+02,   0.000000e+00,   1.757846e+00,   0.000000e+00,   4.161435e+02,   0.000000e+00,   1.404626e+02,   0.000000e+00,   2.853942e+01,   0.000000e+00,   3.009055e+01,   0.000000e+00,   8.489727e+00,   0.000000e+00,   1.080177e+01,   0.000000e+00,              3,              0,       1 meters
  19/06/2019 12:29:40.919,   1.717600e+00,   0.000000e+00,   2.347594e+04,   0.000000e+00,   4.050141e+02,   0.000000e+00,   1.758892e+00,   0.000000e+00,   4.147507e+02,   0.000000e+00,   1.404189e+02,   0.000000e+00,   2.853933e+01,   0.000000e+00,   3.009239e+01,   0.000000e+00,   8.491933e+00,   0.000000e+00,   1.080156e+01,   0.000000e+00,              3,              0,       1 meters
  19/06/2019 12:29:41.892,   1.717873e+00,   0.000000e+00,   2.345912e+04,   0.000000e+00,   4.042631e+02,   0.000000e+00,   1.759140e+00,   0.000000e+00,   4.139746e+02,   0.000000e+00,   1.404845e+02,   0.000000e+00,   2.853874e+01,   0.000000e+00,   3.008785e+01,   0.000000e+00,   8.494196e+00,   0.000000e+00,   1.080143e+01,   0.000000e+00,              3,              0,       1 meters
  19/06/2019 12:29:42.870,   1.717030e+00,   0.000000e+00,   2.342168e+04,   0.000000e+00,   4.031164e+02,   0.000000e+00,   1.758210e+00,   0.000000e+00,   4.127845e+02,   0.000000e+00,   1.404260e+02,   0.000000e+00,   2.853905e+01,   0.000000e+00,   3.008907e+01,   0.000000e+00,   8.492059e+00,   0.000000e+00,   1.080102e+01,   0.000000e+00,              3,              0,       1 meters
  19/06/2019 12:29:43.848,   1.715262e+00,   0.000000e+00,   2.348061e+04,   0.000000e+00,   4.022000e+02,   0.000000e+00,   1.756505e+00,   0.000000e+00,   4.118710e+02,   0.000000e+00,   1.404509e+02,   0.000000e+00,   2.853884e+01,   0.000000e+00,   3.008909e+01,   0.000000e+00,   8.494440e+00,   0.000000e+00,   1.080130e+01,   0.000000e+00,              3,              0,       1 meters
  19/06/2019 12:29:44.825,   1.717679e+00,   0.000000e+00,   2.335582e+04,   0.000000e+00,   4.012826e+02,   0.000000e+00,   1.758757e+00,   0.000000e+00,   4.108791e+02,   0.000000e+00,   1.404238e+02,   0.000000e+00,   2.853908e+01,   0.000000e+00,   3.009139e+01,   0.000000e+00,   8.492966e+00,   0.000000e+00,   1.080264e+01,   0.000000e+00,              3,              0,       1 meters
  19/06/2019 12:29:45.803,   1.717307e+00,   0.000000e+00,   2.335560e+04,   0.000000e+00,   4.015851e+02,   0.000000e+00,   1.758375e+00,   0.000000e+00,   4.111887e+02,   0.000000e+00,   1.404551e+02,   0.000000e+00,   2.853871e+01,   0.000000e+00,   3.008767e+01,   0.000000e+00,   8.491562e+00,   0.000000e+00,   1.079860e+01,   0.000000e+00,              3,              0,       1 meters
  19/06/2019 12:29:46.778,   1.716640e+00,   0.000000e+00,   2.325820e+04,   0.000000e+00,   3.999519e+02,   0.000000e+00,   1.757517e+00,   0.000000e+00,   4.094756e+02,   0.000000e+00,   1.404569e+02,   0.000000e+00,   2.853876e+01,   0.000000e+00,   3.008911e+01,   0.000000e+00,   8.494312e+00,   0.000000e+00,   1.080068e+01,   0.000000e+00,              3,              0,       1 meters
  19/06/2019 12:29:47.920,   1.716230e+00,   0.000000e+00,   2.344219e+04,   0.000000e+00,   4.002009e+02,   0.000000e+00,   1.757428e+00,   0.000000e+00,   4.098077e+02,   0.000000e+00,   1.404396e+02,   0.000000e+00,   2.853840e+01,   0.000000e+00,   3.008886e+01,   0.000000e+00,   8.491483e+00,   0.000000e+00,   1.080179e+01,   0.000000e+00,              3,              0,       1 meters
  19/06/2019 12:29:48.733,   1.714718e+00,   0.000000e+00,   2.332731e+04,   0.000000e+00,   3.996596e+02,   0.000000e+00,   1.755673e+00,   0.000000e+00,   4.092052e+02,   0.000000e+00,   1.403902e+02,   0.000000e+00,   2.853904e+01,   0.000000e+00,   3.009204e+01,   0.000000e+00,   8.492630e+00,   0.000000e+00,   1.080250e+01,   0.000000e+00,              3,              0,       1 meters
  19/06/2019 12:29:49.712,   1.716889e+00,   0.000000e+00,   2.333699e+04,   0.000000e+00,   3.987804e+02,   0.000000e+00,   1.757913e+00,   0.000000e+00,   4.083091e+02,   0.000000e+00,   1.404423e+02,   0.000000e+00,   2.853860e+01,   0.000000e+00,   3.008850e+01,   0.000000e+00,   8.492855e+00,   0.000000e+00,   1.080675e+01,   0.000000e+00,              3,              0,       1 meters
  19/06/2019 12:29:50.692,   1.717168e+00,   0.000000e+00,   2.334448e+04,   0.000000e+00,   3.988891e+02,   0.000000e+00,   1.758213e+00,   0.000000e+00,   4.084235e+02,   0.000000e+00,   1.404811e+02,   0.000000e+00,   2.853856e+01,   0.000000e+00,   3.008837e+01,   0.000000e+00,   8.487225e+00,   0.000000e+00,   1.079907e+01,   0.000000e+00,              3,              0,       1 meters
  19/06/2019 12:29:51.687,   1.715914e+00,   0.000000e+00,   2.324112e+04,   0.000000e+00,   3.982706e+02,   0.000000e+00,   1.756743e+00,   0.000000e+00,   4.077471e+02,   0.000000e+00,   1.404067e+02,   0.000000e+00,   2.853889e+01,   0.000000e+00,   3.009025e+01,   0.000000e+00,   8.493968e+00,   0.000000e+00,   1.080125e+01,   0.000000e+00,              3,              0,       1 meters
  19/06/2019 12:29:52.652,   1.718083e+00,   0.000000e+00,   2.322046e+04,   0.000000e+00,   3.980536e+02,   0.000000e+00,   1.758926e+00,   0.000000e+00,   4.075163e+02,   0.000000e+00,   1.404931e+02,   0.000000e+00,   2.853927e+01,   0.000000e+00,   3.008939e+01,   0.000000e+00,   8.489477e+00,   0.000000e+00,   1.080457e+01,   0.000000e+00,              3,              0,       1 meters
